B23025_001E,B23025_002E,B23025_003E,B23025_004E,B23025_005E,B23025_006E,B23025_007E
1647,1357,1357,1300,57,0,290
766,530,530,453,77,0,236
1158,735,735,725,10,0,423
1007,720,720,683,37,0,287
1343,783,783,746,37,0,560
634,312,312,214,98,0,322
565,427,427,415,12,0,138
735,656,656,583,73,0,79
826,384,384,324,60,0,442
1675,1248,1248,1199,49,0,427
795,565,565,517,48,0,230
2436,1408,1408,1333,75,0,1028
1405,808,808,743,65,0,597
1350,899,899,899,0,0,451
758,469,469,469,0,0,289
1559,809,809,781,28,0,750
662,413,413,372,41,0,249
582,400,400,382,18,0,182
254,101,101,65,36,0,153
507,233,233,119,114,0,274
1189,759,759,735,24,0,430
1435,1130,1130,1059,71,0,305
1960,1220,1220,1173,47,0,740
799,623,623,593,30,0,176
691,418,418,378,40,0,273
523,388,388,380,8,0,135
569,408,408,378,30,0,161
1467,839,839,791,48,0,628
1171,830,830,742,88,0,341
555,370,370,358,12,0,185
986,683,683,629,54,0,303
589,283,283,272,11,0,306
845,559,559,516,43,0,286
723,554,554,504,50,0,169
629,401,401,385,16,0,228
591,338,338,268,70,0,253
1228,980,980,917,63,0,248
1820,1103,1103,928,175,0,717
725,450,450,382,68,0,275
1297,1034,1034,993,41,0,263
401,257,257,257,0,0,144
2267,1494,1494,1368,126,0,773
1207,959,959,906,53,0,248
947,734,734,658,76,0,213
1674,1342,1342,1187,155,0,332
806,649,615,381,234,34,157
838,625,625,571,54,0,213
897,745,745,668,77,0,152
1249,819,819,747,72,0,430
1263,956,956,891,65,0,307
823,509,509,473,36,0,314
1304,662,662,479,183,0,642
1283,573,573,367,206,0,710
785,487,487,458,29,0,298
1273,880,880,722,158,0,393
992,768,768,626,142,0,224
898,420,420,370,50,0,478
989,603,603,512,91,0,386
932,683,683,609,74,0,249
1596,1204,1204,1167,37,0,392
1537,1051,1033,1005,28,18,486
1174,729,729,701,28,0,445
1376,1043,1043,974,69,0,333
833,555,555,517,38,0,278
2067,1535,1535,1389,146,0,532
1002,521,521,521,0,0,481
2515,1769,1769,1589,180,0,746
1360,1011,1011,930,81,0,349
369,219,219,194,25,0,150
871,769,769,769,0,0,102
1404,733,733,540,193,0,671
1409,1001,1001,908,93,0,408
437,206,206,146,60,0,231
932,462,462,348,114,0,470
761,609,609,603,6,0,152
715,582,582,556,26,0,133
1285,718,718,653,65,0,567
1342,887,887,848,39,0,455
1356,685,685,554,131,0,671
1027,729,729,675,54,0,298
1097,543,543,510,33,0,554
932,477,477,401,76,0,455
1010,619,619,536,83,0,391
1298,915,915,862,53,0,383
481,320,320,280,40,0,161
912,445,445,416,29,0,467
1182,863,863,777,86,0,319
2382,1764,1764,1747,17,0,618
909,625,625,547,78,0,284
892,788,788,685,103,0,104
559,394,394,394,0,0,165
1603,1214,1214,1137,77,0,389
991,707,707,691,16,0,284
1084,637,637,614,23,0,447
1030,763,763,709,54,0,267
805,491,491,480,11,0,314
573,353,353,327,26,0,220
644,422,422,399,23,0,222
936,752,752,739,13,0,184
778,554,554,503,51,0,224
661,498,498,486,12,0,163
490,405,405,380,25,0,85
678,501,501,501,0,0,177
834,635,635,585,50,0,199
907,579,579,525,54,0,328
866,711,711,685,26,0,155
728,403,403,385,18,0,325
1078,810,810,723,87,0,268
888,568,568,478,90,0,320
540,276,276,256,20,0,264
821,523,523,507,16,0,298
1109,750,750,703,47,0,359
1026,726,726,726,0,0,300
1053,533,533,523,10,0,520
1146,771,771,701,70,0,375
1554,983,983,955,28,0,571
649,528,528,528,0,0,121
1641,904,904,775,129,0,737
424,252,252,226,26,0,172
1117,1001,976,919,57,25,116
1021,840,840,727,113,0,181
1685,1096,1096,1002,94,0,589
941,706,706,522,184,0,235
440,209,209,186,23,0,231
1096,832,832,681,151,0,264
738,548,548,395,153,0,190
755,488,488,358,130,0,267
1522,1314,1314,1288,26,0,208
669,470,470,384,86,0,199
1121,771,771,625,146,0,350
1487,1029,1029,971,58,0,458
1405,1221,1221,1188,33,0,184
1714,1562,1562,1554,8,0,152
982,831,831,685,146,0,151
949,657,657,489,168,0,292
913,518,518,351,167,0,395
617,393,393,339,54,0,224
419,220,220,200,20,0,199
917,655,655,565,90,0,262
460,271,271,243,28,0,189
657,365,365,202,163,0,292
294,105,105,78,27,0,189
151,127,127,127,0,0,24
464,261,261,233,28,0,203
574,379,379,315,64,0,195
525,303,303,196,107,0,222
1144,814,814,671,143,0,330
1367,888,888,795,93,0,479
777,573,573,573,0,0,204
868,612,612,561,51,0,256
971,673,673,612,61,0,298
1468,968,968,948,20,0,500
1810,1031,1031,939,92,0,779
1937,1308,1308,1276,32,0,629
954,659,659,659,0,0,295
657,342,342,298,44,0,315
916,641,641,603,38,0,275
1221,861,861,827,34,0,360
1707,1266,1266,1170,96,0,441
844,708,708,644,64,0,136
411,259,259,195,64,0,152
941,746,746,746,0,0,195
609,301,301,171,130,0,308
239,110,110,96,14,0,129
894,719,719,718,1,0,175
528,474,474,471,3,0,54
611,426,426,383,43,0,185
692,483,483,459,24,0,209
755,500,500,475,25,0,255
969,441,441,428,13,0,528
1179,749,749,733,16,0,430
879,567,567,515,52,0,312
1086,478,478,392,86,0,608
1727,968,968,889,79,0,759
851,653,653,623,30,0,198
542,386,386,376,10,0,156
583,431,431,431,0,0,152
1295,710,710,661,49,0,585
1941,1177,1177,1091,86,0,764
1481,926,926,880,46,0,555
690,498,498,445,53,0,192
1041,640,640,590,50,0,401
929,491,491,433,58,0,438
942,560,560,495,65,0,382
1857,669,669,650,19,0,1188
807,263,263,261,2,0,544
1187,743,743,708,35,0,444
1804,1169,1169,1071,98,0,635
1348,761,761,659,102,0,587
1618,1438,1438,1401,37,0,180
997,941,941,934,7,0,56
1186,1007,1007,977,30,0,179
1394,975,975,912,63,0,419
1425,1078,1078,1029,49,0,347
472,312,312,282,30,0,160
633,445,445,398,47,0,188
1512,821,821,756,65,0,691
680,471,471,433,38,0,209
1987,1127,1127,1083,44,0,860
1680,941,941,904,37,0,739
1806,1129,1129,1077,52,0,677
783,458,458,445,13,0,325
857,460,460,408,52,0,397
1543,719,719,633,86,0,824
735,494,494,447,47,0,241
627,397,397,358,39,0,230
1061,682,682,549,133,0,379
990,693,693,679,14,0,297
977,549,549,516,33,0,428
1151,738,738,613,125,0,413
845,614,614,598,16,0,231
980,696,696,604,92,0,284
971,744,744,731,13,0,227
1217,886,886,757,129,0,331
1302,911,911,871,40,0,391
992,569,569,559,10,0,423
1669,971,971,958,13,0,698
403,310,310,248,62,0,93
871,605,605,505,100,0,266
614,437,437,408,29,0,177
1940,1329,1329,1249,80,0,611
1531,1109,1109,1018,91,0,422
1028,604,604,542,62,0,424
1145,547,547,527,20,0,598
535,329,329,240,89,0,206
468,350,350,307,43,0,118
1187,776,776,740,36,0,411
709,439,439,409,30,0,270
472,311,311,293,18,0,161
589,359,359,340,19,0,230
970,511,511,466,45,0,459
1198,659,659,559,100,0,539
862,640,640,486,154,0,222
1303,959,959,927,32,0,344
349,182,182,182,0,0,167
672,515,515,499,16,0,157
1642,1321,1321,1291,30,0,321
1401,1090,1090,1072,18,0,311
2086,1655,1655,1455,200,0,431
332,208,208,200,8,0,124
1259,890,890,669,221,0,369
2180,1177,1177,1052,125,0,1003
2470,1563,1563,1346,217,0,907
1453,881,881,720,161,0,572
1434,792,792,605,187,0,642
842,444,444,431,13,0,398
636,368,368,280,88,0,268
564,300,300,226,74,0,264
1075,715,715,394,321,0,360
763,544,544,286,258,0,219
955,477,477,229,248,0,478
699,384,384,143,241,0,315
312,125,125,92,33,0,187
1011,684,684,684,0,0,327
963,601,601,601,0,0,362
1757,984,984,860,124,0,773
1199,694,694,603,91,0,505
1002,552,552,448,104,0,450
903,693,693,531,162,0,210
886,745,745,581,164,0,141
931,728,728,606,122,0,203
1307,1032,1032,689,343,0,275
416,246,246,162,84,0,170
396,325,325,238,87,0,71
1152,652,652,564,88,0,500
1027,666,666,634,32,0,361
497,257,257,201,56,0,240
1120,704,704,668,36,0,416
700,468,468,468,0,0,232
779,547,547,521,26,0,232
855,584,584,563,21,0,271
921,549,549,490,59,0,372
1253,714,714,628,86,0,539
833,578,578,511,67,0,255
699,507,507,482,25,0,192
745,570,570,533,37,0,175
733,411,411,319,92,0,322
526,367,367,367,0,0,159
728,468,468,360,108,0,260
1347,823,823,632,191,0,524
698,466,466,411,55,0,232
1821,1449,1449,1290,159,0,372
2233,1796,1796,1644,152,0,437
917,726,726,726,0,0,191
1065,655,655,644,11,0,410
1423,1043,1043,983,60,0,380
797,593,593,543,50,0,204
682,498,498,421,77,0,184
1849,1342,1342,1126,216,0,507
1937,1167,1167,1069,98,0,770
1138,819,819,742,77,0,319
1669,1126,1126,917,209,0,543
1286,941,941,824,117,0,345
1346,938,938,869,69,0,408
1473,1044,1044,943,101,0,429
1620,1350,1350,1305,45,0,270
2397,1725,1725,1494,231,0,672
1463,1086,1086,1006,80,0,377
1372,1072,1072,1063,9,0,300
640,345,345,279,66,0,295
954,560,560,426,134,0,394
809,429,429,340,89,0,380
978,772,772,635,137,0,206
1505,760,760,499,261,0,745
878,388,388,316,72,0,490
422,150,150,134,16,0,272
595,178,178,89,89,0,417
904,506,506,481,25,0,398
1555,1071,1071,886,185,0,484
878,495,495,456,39,0,383
947,545,545,314,231,0,402
471,199,199,175,24,0,272
2013,1313,1313,1273,40,0,700
1059,667,667,667,0,0,392
1882,1448,1448,1350,98,0,434
1483,1064,1064,1016,48,0,419
1369,754,754,700,54,0,615
1790,1196,1196,1159,37,0,594
2498,1587,1587,1490,97,0,911
1461,1114,1114,1077,37,0,347
1057,711,711,649,62,0,346
1495,1020,1020,971,49,0,475
1783,1139,1139,969,170,0,644
1125,717,717,640,77,0,408
1200,813,801,783,18,12,387
1818,1319,1319,1228,91,0,499
3229,2352,2352,2168,184,0,877
1009,699,699,617,82,0,310
45,45,45,45,0,0,0
519,338,338,208,130,0,181
332,190,190,16,174,0,142
1139,806,806,692,114,0,333
843,577,577,538,39,0,266
745,512,512,480,32,0,233
1142,707,707,622,85,0,435
1158,658,658,580,78,0,500
1006,320,320,280,40,0,686
510,381,381,344,37,0,129
927,582,582,524,58,0,345
1148,689,689,609,80,0,459
900,700,700,502,198,0,200
986,780,780,740,40,0,206
1191,730,730,626,104,0,461
776,494,494,486,8,0,282
1009,658,658,643,15,0,351
2369,1840,1840,1721,119,0,529
1681,1054,1054,923,131,0,627
658,443,443,334,109,0,215
591,340,340,304,36,0,251
414,245,245,215,30,0,169
1727,1048,1048,977,71,0,679
572,242,242,115,127,0,330
1107,582,582,510,72,0,525
888,435,435,322,113,0,453
461,258,258,198,60,0,203
1000,616,616,512,104,0,384
1322,641,641,442,199,0,681
704,438,438,334,104,0,266
702,406,406,280,126,0,296
1077,765,765,502,263,0,312
647,366,366,175,191,0,281
789,403,403,269,134,0,386
1234,841,841,677,164,0,393
1035,692,692,449,243,0,343
1492,930,904,845,59,26,562
750,414,414,352,62,0,336
496,362,362,342,20,0,134
1250,863,863,863,0,0,387
792,470,470,468,2,0,322
1104,893,893,847,46,0,211
803,575,575,552,23,0,228
801,560,560,560,0,0,241
466,302,302,296,6,0,164
697,578,558,401,157,20,119
392,298,298,298,0,0,94
1626,1135,1135,911,224,0,491
2145,1374,1374,1284,90,0,771
1574,946,946,875,71,0,628
831,491,491,477,14,0,340
792,575,575,457,118,0,217
1529,1063,1063,982,81,0,466
1129,729,729,729,0,0,400
816,592,592,567,25,0,224
1644,972,972,929,43,0,672
1261,779,779,696,83,0,482
525,341,341,325,16,0,184
922,580,580,443,137,0,342
1036,504,504,433,71,0,532
635,291,291,269,22,0,344
2137,1829,1818,1764,54,11,308
938,295,295,261,34,0,643
0,0,0,0,0,0,0
634,382,382,324,58,0,252
1364,782,782,579,203,0,582
1503,983,977,875,102,6,520
448,204,204,204,0,0,244
643,483,483,420,63,0,160
968,655,655,646,9,0,313
1221,559,559,466,93,0,662
1246,711,711,644,67,0,535
522,343,343,251,92,0,179
1244,584,584,554,30,0,660
1296,748,748,678,70,0,548
1195,712,712,683,29,0,483
637,392,392,292,100,0,245
457,188,188,188,0,0,269
631,427,427,304,123,0,204
592,350,350,350,0,0,242
993,527,527,429,98,0,466
1106,664,664,650,14,0,442
706,448,448,338,110,0,258
620,373,373,276,97,0,247
1395,945,945,857,88,0,450
1056,762,762,525,237,0,294
1119,753,753,649,104,0,366
815,481,481,405,76,0,334
651,364,364,358,6,0,287
1577,1135,1135,1048,87,0,442
938,563,563,514,49,0,375
795,525,525,430,95,0,270
547,282,282,266,16,0,265
625,477,477,402,75,0,148
1979,1399,1399,1190,209,0,580
905,698,698,538,160,0,207
933,640,640,574,66,0,293
1015,702,702,675,27,0,313
776,571,571,521,50,0,205
534,337,337,323,14,0,197
440,292,292,283,9,0,148
1477,1124,1124,1030,94,0,353
566,420,420,399,21,0,146
702,322,322,284,38,0,380
353,196,196,171,25,0,157
678,401,401,361,40,0,277
1070,775,775,631,144,0,295
919,500,500,491,9,0,419
1143,795,795,714,81,0,348
920,706,706,647,59,0,214
854,742,742,703,39,0,112
1610,816,816,759,57,0,794
1309,950,950,870,80,0,359
1420,1086,1086,1034,52,0,334
1108,981,981,946,35,0,127
855,638,638,601,37,0,217
1138,940,940,895,45,0,198
797,520,520,520,0,0,277
590,527,527,507,20,0,63
640,540,540,532,8,0,100
879,721,721,683,38,0,158
531,134,134,122,12,0,397
735,523,523,507,16,0,212
1274,915,915,900,15,0,359
467,244,244,227,17,0,223
931,637,637,592,45,0,294
1509,1003,995,864,131,8,506
857,412,412,365,47,0,445
1471,1270,1270,1130,140,0,201
1198,762,762,649,113,0,436
462,377,377,377,0,0,85
1259,1113,1113,1003,110,0,146
1371,1314,1314,1221,93,0,57
942,671,671,618,53,0,271
818,552,552,512,40,0,266
530,426,426,419,7,0,104
1893,1668,1668,1601,67,0,225
1161,944,940,909,31,4,217
542,329,329,225,104,0,213
1130,475,475,296,179,0,655
774,490,490,406,84,0,284
1774,1206,1206,1070,136,0,568
810,529,529,511,18,0,281
715,500,500,445,55,0,215
330,177,177,158,19,0,153
1172,675,675,631,44,0,497
1137,680,680,619,61,0,457
561,432,432,432,0,0,129
944,669,669,634,35,0,275
738,631,631,534,97,0,107
777,507,507,443,64,0,270
1182,736,736,693,43,0,446
1140,631,631,590,41,0,509
839,553,553,511,42,0,286
756,535,535,514,21,0,221
871,607,607,607,0,0,264
810,577,577,512,65,0,233
493,269,269,256,13,0,224
1668,1373,1367,1335,32,6,295
666,622,622,622,0,0,44
1763,1481,1481,1434,47,0,282
864,754,754,738,16,0,110
1108,887,887,820,67,0,221
1708,1499,1499,1424,75,0,209
953,668,668,641,27,0,285
695,628,628,613,15,0,67
944,864,864,826,38,0,80
1085,637,637,602,35,0,448
1048,570,570,556,14,0,478
1033,867,867,814,53,0,166
572,314,314,266,48,0,258
1413,961,961,862,99,0,452
1737,951,951,925,26,0,786
1088,851,851,818,33,0,237
1901,1406,1406,1244,162,0,495
1271,893,893,747,146,0,378
1484,1054,1054,1009,45,0,430
845,492,492,482,10,0,353
1043,775,775,661,114,0,268
515,336,336,321,15,0,179
1289,963,963,891,72,0,326
1463,1202,1202,1113,89,0,261
1961,1448,1448,1424,24,0,513
1663,1202,1202,1059,143,0,461
842,556,556,536,20,0,286
1473,970,970,868,102,0,503
1657,893,893,826,67,0,764
654,564,564,549,15,0,90
1507,1032,1032,926,106,0,475
1285,866,866,809,57,0,419
1384,809,809,761,48,0,575
1669,1163,1163,1047,116,0,506
1477,1026,1026,983,43,0,451
1200,892,892,855,37,0,308
1267,1133,1133,1103,30,0,134
1044,954,954,889,65,0,90
873,671,671,650,21,0,202
844,703,703,703,0,0,141
1209,655,655,487,168,0,554
976,425,425,373,52,0,551
865,441,441,395,46,0,424
1105,581,581,525,56,0,524
457,282,282,227,55,0,175
1259,778,778,543,235,0,481
1916,1331,1331,1254,77,0,585
1811,1073,1073,950,123,0,738
1380,1007,1007,914,93,0,373
477,190,190,175,15,0,287
883,537,537,427,110,0,346
702,409,409,300,109,0,293
975,410,410,334,76,0,565
865,611,611,526,85,0,254
581,339,339,255,84,0,242
862,534,534,454,80,0,328
843,672,672,599,73,0,171
838,785,785,751,34,0,53
1252,889,889,820,69,0,363
858,435,435,387,48,0,423
933,536,536,524,12,0,397
1297,890,890,785,105,0,407
1018,628,628,569,59,0,390
1327,1074,1074,1041,33,0,253
1031,899,899,863,36,0,132
1024,665,665,652,13,0,359
761,698,698,644,54,0,63
1608,1453,1453,1400,53,0,155
982,850,850,812,38,0,132
747,407,407,259,148,0,340
760,404,404,283,121,0,356
1297,879,879,700,179,0,418
607,461,461,358,103,0,146
1636,1102,1102,1038,64,0,534
577,462,462,385,77,0,115
773,574,574,527,47,0,199
679,471,471,471,0,0,208
426,224,224,212,12,0,202
961,683,683,683,0,0,278
695,468,468,356,112,0,227
1665,996,996,676,320,0,669
481,307,307,235,72,0,174
1404,803,803,695,108,0,601
553,319,319,261,58,0,234
530,192,192,145,47,0,338
1187,814,814,639,175,0,373
872,401,401,331,70,0,471
518,367,367,302,65,0,151
644,281,281,192,89,0,363
582,426,426,372,54,0,156
637,392,392,348,44,0,245
899,484,484,289,195,0,415
870,546,546,447,99,0,324
1022,627,627,516,111,0,395
439,262,262,241,21,0,177
498,255,255,205,50,0,243
584,373,373,342,31,0,211
1097,658,658,638,20,0,439
1239,662,662,584,78,0,577
638,309,309,173,136,0,329
678,331,331,258,73,0,347
1253,790,790,707,83,0,463
676,279,279,198,81,0,397
471,282,282,218,64,0,189
463,253,253,187,66,0,210
716,405,405,326,79,0,311
1120,611,611,495,116,0,509
807,485,485,412,73,0,322
1068,607,607,579,28,0,461
509,302,302,257,45,0,207
717,466,466,388,78,0,251
911,640,640,544,96,0,271
894,385,385,282,103,0,509
696,348,348,276,72,0,348
1137,738,738,612,126,0,399
1173,854,854,786,68,0,319
530,375,375,358,17,0,155
1094,920,920,854,66,0,174
1215,956,956,935,21,0,259
1232,747,747,727,20,0,485
665,492,492,484,8,0,173
1167,998,998,928,70,0,169
721,680,680,680,0,0,41
1019,916,916,897,19,0,103
893,710,710,709,1,0,183
453,366,366,354,12,0,87
675,393,393,370,23,0,282
430,219,219,128,91,0,211
1625,1070,1070,788,282,0,555
1361,769,769,735,34,0,592
676,266,266,266,0,0,410
1609,1043,1043,940,103,0,566
980,694,694,621,73,0,286
1278,873,873,611,262,0,405
571,368,368,246,122,0,203
1587,1157,1157,1157,0,0,430
1406,874,874,810,64,0,532
1126,892,892,862,30,0,234
1117,947,947,922,25,0,170
1463,915,915,857,58,0,548
745,509,509,474,35,0,236
1215,878,878,859,19,0,337
856,582,582,573,9,0,274
476,249,249,225,24,0,227
1835,1319,1319,1284,35,0,516
548,278,278,278,0,0,270
666,442,442,378,64,0,224
577,333,333,325,8,0,244
1067,652,652,585,67,0,415
746,462,462,327,135,0,284
1557,992,992,922,70,0,565
700,535,535,496,39,0,165
728,510,510,480,30,0,218
506,353,353,336,17,0,153
1335,956,956,885,71,0,379
1156,721,721,642,79,0,435
1779,1274,1274,1195,79,0,505
2686,1097,1097,982,115,0,1589
1203,649,649,503,146,0,554
797,485,485,227,258,0,312
1444,1020,1020,815,205,0,424
342,209,209,154,55,0,133
333,178,178,125,53,0,155
737,397,397,245,152,0,340
405,238,238,105,133,0,167
866,395,395,298,97,0,471
617,331,331,174,157,0,286
599,303,303,197,106,0,296
1314,886,886,886,0,0,428
1330,994,994,975,19,0,336
789,571,571,520,51,0,218
1515,900,900,770,130,0,615
616,322,322,259,63,0,294
1037,572,572,377,195,0,465
1116,734,734,717,17,0,382
604,442,442,428,14,0,162
656,463,463,440,23,0,193
673,458,458,441,17,0,215
641,378,378,283,95,0,263
778,428,428,326,102,0,350
704,457,457,314,143,0,247
764,332,332,325,7,0,432
693,405,405,389,16,0,288
817,501,501,491,10,0,316
610,391,391,384,7,0,219
1296,998,998,959,39,0,298
1033,715,715,711,4,0,318
576,438,438,425,13,0,138
1034,467,467,444,23,0,567
977,575,575,546,29,0,402
1018,576,576,576,0,0,442
1247,488,488,471,17,0,759
1993,735,735,670,65,0,1258
1850,1250,1250,1195,55,0,600
1144,727,727,711,16,0,417
1031,651,651,631,20,0,380
1729,1223,1223,1162,61,0,506
729,515,515,478,37,0,214
735,493,493,479,14,0,242
1009,618,618,600,18,0,391
1090,748,748,654,94,0,342
657,492,492,483,9,0,165
484,361,361,332,29,0,123
1118,791,791,741,50,0,327
1301,858,858,805,53,0,443
1427,740,740,565,175,0,687
594,201,201,146,55,0,393
1379,875,875,844,31,0,504
525,424,424,424,0,0,101
989,828,828,816,12,0,161
1215,1176,1176,1176,0,0,39
728,614,614,552,62,0,114
470,410,410,410,0,0,60
579,231,231,221,10,0,348
550,504,504,504,0,0,46
1620,1326,1326,1293,33,0,294
657,604,604,591,13,0,53
1171,1027,1027,1004,23,0,144
1055,763,763,754,9,0,292
1654,960,960,938,22,0,694
646,303,303,208,95,0,343
1174,833,833,590,243,0,341
1189,891,891,619,272,0,298
1339,915,915,774,141,0,424
882,572,572,515,57,0,310
830,452,452,373,79,0,378
779,346,346,255,91,0,433
417,178,178,138,40,0,239
562,348,348,287,61,0,214
1996,1052,1052,929,123,0,944
355,155,155,144,11,0,200
1144,900,900,830,70,0,244
1806,1627,1627,1535,92,0,179
1369,1059,1059,1030,29,0,310
738,511,511,473,38,0,227
543,334,334,170,164,0,209
1114,610,610,522,88,0,504
1787,1492,1492,1410,82,0,295
1598,943,943,887,56,0,655
851,592,592,466,126,0,259
1626,1074,1074,1009,65,0,552
1884,1023,1023,960,63,0,861
1115,615,615,578,37,0,500
847,483,483,415,68,0,364
677,306,306,298,8,0,371
622,317,317,187,130,0,305
859,520,520,490,30,0,339
1049,716,716,631,85,0,333
706,422,422,422,0,0,284
849,528,528,450,78,0,321
683,323,323,246,77,0,360
575,344,344,344,0,0,231
1137,680,680,662,18,0,457
1194,783,783,719,64,0,411
1041,713,713,659,54,0,328
447,301,301,282,19,0,146
789,585,585,550,35,0,204
759,549,549,513,36,0,210
869,506,506,474,32,0,363
862,605,605,575,30,0,257
1336,856,856,764,92,0,480
1783,951,951,823,128,0,832
1424,1032,1032,986,46,0,392
741,496,496,485,11,0,245
776,531,531,499,32,0,245
896,564,564,502,62,0,332
1070,679,679,679,0,0,391
1842,1139,1139,1008,131,0,703
207,141,141,141,0,0,66
637,475,475,456,19,0,162
763,427,427,389,38,0,336
481,293,293,242,51,0,188
1069,709,709,598,111,0,360
651,446,446,365,81,0,205
784,417,417,417,0,0,367
630,291,291,291,0,0,339
990,520,520,438,82,0,470
1032,723,723,614,109,0,309
876,633,633,619,14,0,243
620,397,397,371,26,0,223
504,354,348,289,59,6,150
627,402,402,388,14,0,225
799,622,622,574,48,0,177
561,276,276,236,40,0,285
1532,860,860,762,98,0,672
1617,972,972,779,193,0,645
936,586,586,495,91,0,350
2138,1561,1561,1435,126,0,577
1710,1259,1259,1066,193,0,451
902,766,766,633,133,0,136
453,310,310,251,59,0,143
845,604,604,557,47,0,241
713,421,421,421,0,0,292
681,601,601,568,33,0,80
798,601,601,583,18,0,197
672,358,358,345,13,0,314
1033,575,575,516,59,0,458
774,514,514,514,0,0,260
1220,353,353,313,40,0,867
683,441,441,397,44,0,242
931,572,572,554,18,0,359
873,607,607,607,0,0,266
1979,600,600,512,88,0,1379
642,361,361,325,36,0,281
889,496,496,450,46,0,393
1024,573,573,496,77,0,451
1607,1136,1136,800,336,0,471
1034,733,733,605,128,0,301
761,533,533,411,122,0,228
749,478,478,478,0,0,271
968,792,792,778,14,0,176
916,459,459,386,73,0,457
947,539,539,486,53,0,408
642,409,409,271,138,0,233
1060,522,522,489,33,0,538
952,535,535,412,123,0,417
1102,673,673,559,114,0,429
525,300,300,281,19,0,225
1190,755,755,696,59,0,435
747,492,492,435,57,0,255
1794,1202,1202,1076,126,0,592
1354,741,741,657,84,0,613
1219,545,545,439,106,0,674
1390,1279,1279,1211,68,0,111
578,396,396,364,32,0,182
1022,737,737,737,0,0,285
597,397,397,385,12,0,200
1087,809,809,681,128,0,278
1672,1218,1218,1171,47,0,454
995,627,627,584,43,0,368
632,412,412,345,67,0,220
624,422,422,369,53,0,202
1562,946,946,917,29,0,616
1834,1219,1219,1110,109,0,615
794,557,557,557,0,0,237
696,458,458,458,0,0,238
1246,818,818,710,108,0,428
988,731,731,660,71,0,257
822,577,577,545,32,0,245
1437,934,934,755,179,0,503
719,441,441,386,55,0,278
730,476,476,476,0,0,254
744,461,461,376,85,0,283
1205,676,676,641,35,0,529
729,342,342,324,18,0,387
0,0,0,0,0,0,0
344,192,192,117,75,0,152
1384,808,808,676,132,0,576
819,472,472,388,84,0,347
4467,3014,3014,2824,190,0,1453
1722,1319,1319,1255,64,0,403
1381,1054,1054,1029,25,0,327
543,247,247,178,69,0,296
467,310,310,215,95,0,157
896,598,598,581,17,0,298
1434,842,842,825,17,0,592
0,0,0,0,0,0,0
2240,1479,1479,1462,17,0,761
783,706,706,651,55,0,77
2187,1427,1427,1332,95,0,760
687,433,433,373,60,0,254
1707,966,966,905,61,0,741
1596,1213,1213,910,303,0,383
1769,1102,1102,1085,17,0,667
1087,516,516,436,80,0,571
2487,1455,1455,1347,108,0,1032
1096,848,848,806,42,0,248
932,535,535,488,47,0,397
631,336,336,298,38,0,295
1435,920,920,831,89,0,515
595,477,477,408,69,0,118
1021,619,619,570,49,0,402
1322,952,952,823,129,0,370
2660,2186,2186,2065,121,0,474
1944,1496,1496,1415,81,0,448
880,492,492,348,144,0,388
630,507,507,471,36,0,123
600,397,397,284,113,0,203
713,310,310,275,35,0,403
1666,1014,1014,866,148,0,652
236,74,74,46,28,0,162
1261,1110,1110,1082,28,0,151
1052,709,709,620,89,0,343
744,535,535,407,128,0,209
1445,1166,1166,1103,63,0,279
914,563,563,553,10,0,351
1436,896,896,808,88,0,540
1122,740,740,648,92,0,382
1398,1034,1034,881,153,0,364
985,829,829,765,64,0,156
1008,754,754,720,34,0,254
1408,1210,1210,1181,29,0,198
1107,710,710,663,47,0,397
1361,1192,1192,1076,116,0,169
1624,1206,1206,1046,160,0,418
858,716,716,653,63,0,142
631,323,323,303,20,0,308
832,640,640,595,45,0,192
865,716,716,690,26,0,149
405,245,245,245,0,0,160
910,646,646,646,0,0,264
844,665,665,665,0,0,179
939,684,684,665,19,0,255
613,258,258,243,15,0,355
1416,896,896,809,87,0,520
1184,528,528,505,23,0,656
2194,1488,1488,1337,151,0,706
502,243,243,215,28,0,259
814,500,500,490,10,0,314
524,374,374,359,15,0,150
1091,767,767,721,46,0,324
851,512,512,464,48,0,339
534,321,321,291,30,0,213
701,532,532,481,51,0,169
1639,1152,1152,965,187,0,487
724,548,548,470,78,0,176
946,610,610,454,156,0,336
716,437,437,437,0,0,279
967,611,611,500,111,0,356
1113,826,826,798,28,0,287
1330,810,810,783,27,0,520
1207,952,952,875,77,0,255
661,620,620,592,28,0,41
2379,1249,1249,1211,38,0,1130
1770,1106,1106,994,112,0,664
520,195,195,151,44,0,325
645,289,289,226,63,0,356
680,446,446,379,67,0,234
788,451,451,280,171,0,337
702,445,445,401,44,0,257
611,352,352,305,47,0,259
1703,1181,1181,1102,79,0,522
829,598,598,524,74,0,231
867,478,478,297,181,0,389
365,270,270,176,94,0,95
985,534,534,419,115,0,451
2381,1480,1480,1382,98,0,901
3440,2569,2569,2432,137,0,871
1998,1348,1348,1309,39,0,650
1322,925,925,900,25,0,397
1147,678,678,659,19,0,469
1878,1441,1441,1308,133,0,437
1058,760,760,688,72,0,298
1131,889,889,802,87,0,242
2292,1865,1865,1846,19,0,427
1431,1051,1051,1010,41,0,380
939,700,700,687,13,0,239
765,554,554,482,72,0,211
1460,989,989,877,112,0,471
1076,768,768,680,88,0,308
784,555,555,437,118,0,229
1565,816,816,487,329,0,749
1031,594,594,484,110,0,437
1266,522,522,389,133,0,744
1402,942,942,852,90,0,460
1405,974,974,835,139,0,431
1011,726,726,645,81,0,285
1349,928,928,818,110,0,421
947,593,593,459,134,0,354
1218,1037,1037,959,78,0,181
1204,791,791,656,135,0,413
709,381,381,295,86,0,328
1956,1054,1054,987,67,0,902
504,356,356,323,33,0,148
770,515,515,462,53,0,255
635,422,422,392,30,0,213
380,255,255,220,35,0,125
680,351,351,336,15,0,329
1560,642,642,593,49,0,918
927,622,622,542,80,0,305
1083,589,589,500,89,0,494
1298,1013,1013,943,70,0,285
807,525,525,477,48,0,282
562,357,357,357,0,0,205
756,456,456,410,46,0,300
2357,1693,1693,1348,345,0,664
1454,1080,1080,937,143,0,374
687,398,398,264,134,0,289
2093,1444,1444,1392,52,0,649
1448,929,929,870,59,0,519
887,631,631,607,24,0,256
1876,1289,1289,1217,72,0,587
1037,549,549,469,80,0,488
726,403,403,396,7,0,323
1114,496,496,358,138,0,618
513,322,322,239,83,0,191
566,380,380,233,147,0,186
586,303,303,259,44,0,283
963,633,633,537,96,0,330
450,203,203,178,25,0,247
1588,917,917,770,147,0,671
1066,745,745,665,80,0,321
1602,902,902,741,161,0,700
725,478,478,440,38,0,247
838,500,500,446,54,0,338
1369,899,899,820,79,0,470
858,652,652,555,97,0,206
986,705,705,632,73,0,281
954,635,635,612,23,0,319
768,494,494,405,89,0,274
890,550,550,526,24,0,340
614,242,242,223,19,0,372
2541,1766,1766,1530,236,0,775
1653,1239,1239,1150,89,0,414
1394,957,957,903,54,0,437
1583,1214,1214,1111,103,0,369
367,145,145,127,18,0,222
961,360,360,244,116,0,601
1888,1308,1308,1208,100,0,580
675,495,485,394,91,10,180
969,659,659,533,126,0,310
1924,1330,1302,1185,117,28,594
1713,1036,1036,997,39,0,677
800,505,505,461,44,0,295
1292,920,920,881,39,0,372
982,627,627,499,128,0,355
571,352,352,254,98,0,219
545,386,386,315,71,0,159
797,481,481,405,76,0,316
260,161,161,124,37,0,99
414,256,256,195,61,0,158
1283,937,937,865,72,0,346
740,484,484,434,50,0,256
869,447,447,447,0,0,422
1187,830,830,753,77,0,357
521,325,325,325,0,0,196
1507,870,870,683,187,0,637
796,464,464,334,130,0,332
964,587,587,406,181,0,377
1167,630,630,387,243,0,537
1307,871,871,598,273,0,436
796,533,533,453,80,0,263
1742,1057,1057,950,107,0,685
674,454,454,421,33,0,220
266,172,172,172,0,0,94
884,348,348,348,0,0,536
809,285,285,285,0,0,524
1083,474,474,379,95,0,609
1003,565,565,404,161,0,438
804,317,317,233,84,0,487
522,248,248,192,56,0,274
948,380,380,281,99,0,568
951,409,409,292,117,0,542
1123,870,870,813,57,0,253
1011,781,781,681,100,0,230
1032,778,778,686,92,0,254
1172,708,691,671,20,17,464
1094,739,739,666,73,0,355
509,345,345,301,44,0,164
1916,1247,1247,1080,167,0,669
1493,813,813,761,52,0,680
1543,1137,1137,949,188,0,406
2305,1333,1333,1282,51,0,972
2746,1670,1645,1616,29,25,1076
3076,2740,2740,2661,79,0,336
4287,3799,3799,3622,177,0,488
794,462,462,456,6,0,332
748,514,514,476,38,0,234
600,421,421,394,27,0,179
841,537,537,502,35,0,304
879,609,609,520,89,0,270
1100,736,736,730,6,0,364
1496,1002,1002,964,38,0,494
982,821,821,777,44,0,161
1498,1234,1234,1153,81,0,264
938,660,660,660,0,0,278
606,444,444,430,14,0,162
1867,1441,1441,1361,80,0,426
979,598,598,557,41,0,381
1327,993,993,907,86,0,334
775,524,524,473,51,0,251
1222,752,752,627,125,0,470
684,508,508,425,83,0,176
492,299,299,231,68,0,193
1249,858,858,811,47,0,391
986,621,621,531,90,0,365
1022,738,738,678,60,0,284
1235,703,703,687,16,0,532
696,466,466,454,12,0,230
776,459,459,442,17,0,317
1529,1166,1166,1080,86,0,363
1089,829,829,760,69,0,260
938,518,518,504,14,0,420
486,258,258,258,0,0,228
1792,1077,1077,945,132,0,715
1261,601,601,420,181,0,660
1354,972,972,821,151,0,382
680,428,428,358,70,0,252
963,816,816,779,37,0,147
1221,1031,1031,946,85,0,190
838,584,584,492,92,0,254
477,320,320,240,80,0,157
915,330,330,236,94,0,585
1311,716,716,597,119,0,595
935,595,595,358,237,0,340
1092,673,673,673,0,0,419
446,287,287,287,0,0,159
632,463,463,432,31,0,169
1698,971,971,952,19,0,727
1359,645,645,626,19,0,714
1987,1030,1030,994,36,0,957
1195,763,763,741,22,0,432
1539,957,957,884,73,0,582
657,469,469,448,21,0,188
2251,1069,1069,983,86,0,1182
1133,414,414,400,14,0,719
1714,1080,1080,997,83,0,634
840,575,575,547,28,0,265
1324,959,959,838,121,0,365
812,452,452,445,7,0,360
1970,1199,1199,1128,71,0,771
1183,735,735,592,143,0,448
643,318,318,194,124,0,325
704,461,461,358,103,0,243
543,296,296,239,57,0,247
1035,809,809,663,146,0,226
890,669,669,599,70,0,221
363,215,215,175,40,0,148
500,268,268,174,94,0,232
740,465,465,297,168,0,275
1965,1483,1483,1430,53,0,482
1571,1131,1131,1014,117,0,440
1373,935,935,837,98,0,438
1471,1073,1073,775,298,0,398
1128,619,619,489,130,0,509
644,331,331,268,63,0,313
1422,704,704,535,169,0,718
645,421,421,365,56,0,224
943,567,567,437,130,0,376
665,431,431,345,86,0,234
651,385,385,299,86,0,266
466,363,363,329,34,0,103
1174,694,694,569,125,0,480
1324,767,767,635,132,0,557
835,462,462,453,9,0,373
627,439,439,439,0,0,188
431,334,334,300,34,0,97
828,549,549,477,72,0,279
1596,1063,1063,999,64,0,533
1563,1181,1181,1093,88,0,382
1522,977,977,939,38,0,545
860,489,489,489,0,0,371
1556,994,982,942,40,12,562
538,350,350,344,6,0,188
1411,846,846,751,95,0,565
1454,751,751,571,180,0,703
1178,709,709,533,176,0,469
1308,544,544,353,191,0,764
1034,668,668,572,96,0,366
652,482,482,290,192,0,170
626,171,171,171,0,0,455
709,303,303,292,11,0,406
506,280,280,190,90,0,226
564,327,327,281,46,0,237
736,167,167,138,29,0,569
670,417,417,395,22,0,253
996,464,464,419,45,0,532
911,529,529,507,22,0,382
1500,1013,1013,938,75,0,487
1198,994,983,967,16,11,204
1632,1274,1274,1261,13,0,358
1458,1021,1021,983,38,0,437
619,379,379,369,10,0,240
1527,1243,1243,1213,30,0,284
1072,844,844,787,57,0,228
892,799,799,615,184,0,93
1523,1046,1046,975,71,0,477
601,509,509,509,0,0,92
412,350,350,329,21,0,62
1133,873,873,815,58,0,260
1610,1102,1102,1102,0,0,508
1907,1224,1224,1209,15,0,683
1685,1310,1310,1268,42,0,375
566,265,265,240,25,0,301
1031,616,616,554,62,0,415
771,369,369,333,36,0,402
1209,790,790,763,27,0,419
524,281,281,166,115,0,243
1195,650,650,451,199,0,545
189,54,54,25,29,0,135
1074,604,604,431,173,0,470
747,439,439,248,191,0,308
1065,832,832,752,80,0,233
1257,726,726,610,116,0,531
1066,704,704,484,220,0,362
1222,785,714,696,18,71,437
2607,2306,2306,2217,89,0,301
2439,1571,1571,1446,125,0,868
1570,1250,1239,1200,39,11,320
1505,832,832,612,220,0,673
722,557,557,529,28,0,165
260,160,160,151,9,0,100
304,126,126,85,41,0,178
2793,2474,2474,2422,52,0,319
1386,878,878,777,101,0,508
1106,715,715,644,71,0,391
1293,815,815,781,34,0,478
557,227,227,183,44,0,330
639,358,358,244,114,0,281
1274,556,556,546,10,0,718
1264,827,827,734,93,0,437
1200,823,823,742,81,0,377
1631,1185,1185,971,214,0,446
426,250,250,198,52,0,176
533,313,313,313,0,0,220
0,0,0,0,0,0,0
680,368,368,256,112,0,312
452,207,207,110,97,0,245
332,157,157,144,13,0,175
930,502,502,259,243,0,428
525,229,229,176,53,0,296
1133,586,586,394,192,0,547
1022,493,493,331,162,0,529
608,378,378,357,21,0,230
584,194,194,194,0,0,390
1095,567,567,412,155,0,528
713,532,532,470,62,0,181
1845,1048,1039,966,73,9,797
1084,629,629,508,121,0,455
1481,810,810,662,148,0,671
738,472,472,464,8,0,266
1568,1162,1162,983,179,0,406
1615,1306,1306,1127,179,0,309
781,478,478,443,35,0,303
1629,1068,1068,889,179,0,561
1327,1163,1163,1134,29,0,164
797,561,561,424,137,0,236
930,750,750,737,13,0,180
916,744,744,726,18,0,172
627,467,467,425,42,0,160
1082,713,713,622,91,0,369
1491,1189,1189,913,276,0,302
1142,652,652,556,96,0,490
266,189,189,168,21,0,77
479,219,219,219,0,0,260
399,253,253,215,38,0,146
424,203,203,91,112,0,221
698,402,402,293,109,0,296
1132,588,588,413,175,0,544
864,609,609,563,46,0,255
1076,719,719,719,0,0,357
1161,844,844,801,43,0,317
908,677,677,645,32,0,231
1001,699,699,688,11,0,302
880,733,733,686,47,0,147
1116,740,724,628,96,16,376
1295,930,930,802,128,0,365
645,381,381,306,75,0,264
726,497,497,464,33,0,229
1694,1308,1308,1263,45,0,386
620,419,419,392,27,0,201
2317,2022,2022,1956,66,0,295
3414,2641,2641,2454,187,0,773
771,540,540,515,25,0,231
872,651,651,608,43,0,221
458,115,115,103,12,0,343
871,657,657,632,25,0,214
936,441,441,394,47,0,495
1151,837,837,795,42,0,314
703,554,554,496,58,0,149
704,540,540,369,171,0,164
1800,870,870,747,123,0,930
887,602,602,485,117,0,285
877,545,545,520,25,0,332
830,362,362,237,125,0,468
642,416,416,351,65,0,226
2208,1490,1490,1415,75,0,718
794,500,500,448,52,0,294
1244,920,920,920,0,0,324
745,461,461,450,11,0,284
1217,499,499,450,49,0,718
851,632,632,563,69,0,219
1213,719,719,673,46,0,494
1110,633,633,619,14,0,477
1206,665,665,641,24,0,541
993,655,655,628,27,0,338
1984,1021,1021,930,91,0,963
1053,645,645,624,21,0,408
1543,1028,1028,932,96,0,515
1939,1338,1338,975,363,0,601
961,651,651,508,143,0,310
1434,713,713,618,95,0,721
490,154,154,154,0,0,336
643,450,450,430,20,0,193
957,774,774,763,11,0,183
1152,820,820,708,112,0,332
1991,1267,1267,1131,136,0,724
876,528,528,466,62,0,348
883,585,585,551,34,0,298
1100,753,753,667,86,0,347
474,440,440,432,8,0,34
852,453,453,421,32,0,399
799,474,474,403,71,0,325
1377,1009,1009,923,86,0,368
947,732,732,709,23,0,215
847,664,664,555,109,0,183
1093,674,674,601,73,0,419
1191,541,541,403,138,0,650
1337,783,783,529,254,0,554
1052,680,680,604,76,0,372
543,388,388,328,60,0,155
1676,1192,1192,1149,43,0,484
1748,1159,1159,1084,75,0,589
760,536,536,498,38,0,224
637,439,439,410,29,0,198
661,475,475,460,15,0,186
1903,1224,1224,1022,202,0,679
1222,806,806,779,27,0,416
536,329,329,329,0,0,207
1093,713,713,695,18,0,380
401,306,306,269,37,0,95
900,554,554,478,76,0,346
605,342,342,145,197,0,263
1750,1071,1071,970,101,0,679
2133,1513,1513,1419,94,0,620
794,553,553,357,196,0,241
1727,1118,1118,1028,90,0,609
1357,967,967,870,97,0,390
1023,707,707,640,67,0,316
1608,995,995,932,63,0,613
1032,615,615,594,21,0,417
916,570,570,540,30,0,346
821,443,443,344,99,0,378
1190,837,837,743,94,0,353
571,380,380,366,14,0,191
1599,1142,1142,1066,76,0,457
1173,833,833,780,53,0,340
1753,1063,1063,901,162,0,690
540,393,393,352,41,0,147
884,664,664,592,72,0,220
673,518,518,480,38,0,155
888,621,621,585,36,0,267
2155,1609,1609,1439,170,0,546
1209,675,675,574,101,0,534
3620,2279,2279,2031,248,0,1341
1566,1196,1196,1107,89,0,370
582,360,360,321,39,0,222
656,442,442,422,20,0,214
1038,556,556,410,146,0,482
623,307,307,214,93,0,316
480,206,206,136,70,0,274
725,298,298,278,20,0,427
859,555,555,344,211,0,304
904,635,635,591,44,0,269
490,289,289,263,26,0,201
1019,585,585,546,39,0,434
955,669,669,622,47,0,286
1066,767,767,510,257,0,299
2130,1416,1416,1374,42,0,714
1374,961,961,898,63,0,413
1646,1244,1244,1060,184,0,402
1403,826,826,508,318,0,577
835,408,408,346,62,0,427
127,108,108,108,0,0,19
622,240,240,220,20,0,382
1072,674,674,576,98,0,398
543,334,334,296,38,0,209
1100,753,753,693,60,0,347
983,620,620,526,94,0,363
1146,831,831,751,80,0,315
754,437,437,383,54,0,317
780,519,519,477,42,0,261
763,484,484,409,75,0,279
1024,828,828,670,158,0,196
429,321,321,257,64,0,108
1079,705,705,601,104,0,374
1132,638,638,574,64,0,494
1166,749,749,642,107,0,417
366,217,217,176,41,0,149
1338,499,499,441,58,0,839
514,214,214,178,36,0,300
665,443,443,389,54,0,222
1565,859,859,725,134,0,706
720,478,478,455,23,0,242
2057,1334,1334,1297,37,0,723
1065,726,726,572,154,0,339
1433,1185,1185,974,211,0,248
849,666,666,570,96,0,183
848,456,456,425,31,0,392
1028,730,730,641,89,0,298
1539,1032,1032,918,114,0,507
978,545,545,484,61,0,433
432,380,380,380,0,0,52
597,454,454,454,0,0,143
1382,979,979,900,79,0,403
829,552,552,503,49,0,277
1131,770,770,718,52,0,361
1451,997,997,938,59,0,454
1204,785,785,738,47,0,419
878,607,607,540,67,0,271
940,599,599,566,33,0,341
646,420,420,385,35,0,226
2027,1430,1430,1231,199,0,597
1711,1247,1247,1202,45,0,464
681,519,519,495,24,0,162
1231,970,970,900,70,0,261
400,349,349,275,74,0,51
3150,2483,2483,2226,257,0,667
3449,2635,2635,2507,128,0,814
746,536,536,516,20,0,210
1110,749,749,497,252,0,361
515,291,291,241,50,0,224
913,661,661,562,99,0,252
1418,1042,1042,1017,25,0,376
579,353,353,187,166,0,226
301,184,184,84,100,0,117
622,390,390,268,122,0,232
1382,739,739,510,229,0,643
932,419,419,391,28,0,513
1380,932,932,837,95,0,448
1369,1148,1148,1115,33,0,221
1329,1071,1071,990,81,0,258
835,489,489,471,18,0,346
434,262,262,195,67,0,172
900,621,621,387,234,0,279
562,326,326,326,0,0,236
872,586,586,568,18,0,286
640,526,526,395,131,0,114
717,480,480,400,80,0,237
374,188,188,122,66,0,186
949,674,674,575,99,0,275
823,534,534,496,38,0,289
390,277,277,266,11,0,113
948,749,749,627,122,0,199
921,557,557,257,300,0,364
1536,1004,1004,765,239,0,532
1074,671,671,605,66,0,403
1644,1201,1201,1136,65,0,443
1075,794,794,751,43,0,281
1008,663,663,627,36,0,345
2194,1350,1350,1206,144,0,844
1067,846,846,762,84,0,221
1293,836,836,769,67,0,457
599,488,488,488,0,0,111
2330,1797,1797,1762,35,0,533
603,504,504,504,0,0,99
1431,804,804,773,31,0,627
1069,811,811,794,17,0,258
1176,690,690,669,21,0,486
1477,1006,1006,955,51,0,471
960,470,470,434,36,0,490
1733,1180,1180,1143,37,0,553
693,521,521,486,35,0,172
775,417,417,395,22,0,358
974,662,662,615,47,0,312
565,444,444,444,0,0,121
672,455,455,393,62,0,217
600,459,459,391,68,0,141
585,452,452,430,22,0,133
979,465,465,454,11,0,514
1246,1028,1028,905,123,0,218
668,499,499,450,49,0,169
966,721,721,645,76,0,245
1349,845,845,818,27,0,504
687,521,521,513,8,0,166
853,516,516,430,86,0,337
1897,1199,1199,1069,130,0,698
752,640,640,640,0,0,112
1331,947,947,922,25,0,384
1003,760,760,691,69,0,243
1279,870,870,805,65,0,409
708,533,533,502,31,0,175
1123,888,888,846,42,0,235
1175,947,947,928,19,0,228
1724,1185,1185,1056,129,0,539
1010,775,775,705,70,0,235
1193,814,814,752,62,0,379
876,626,626,626,0,0,250
1314,920,909,881,28,11,394
1379,917,917,879,38,0,462
734,587,587,561,26,0,147
1056,726,726,700,26,0,330
670,466,466,454,12,0,204
496,295,295,269,26,0,201
702,539,539,511,28,0,163
1088,642,642,586,56,0,446
985,590,590,577,13,0,395
999,360,360,350,10,0,639
1788,1298,1298,1249,49,0,490
0,0,0,0,0,0,0
965,415,415,351,64,0,550
975,640,640,550,90,0,335
760,585,585,521,64,0,175
729,465,465,390,75,0,264
941,481,481,391,90,0,460
1216,773,773,664,109,0,443
1685,948,948,859,89,0,737
1404,560,560,508,52,0,844
1528,1053,1053,963,90,0,475
1217,861,861,713,148,0,356
713,289,289,281,8,0,424
1871,1274,1274,1223,51,0,597
1105,840,840,774,66,0,265
601,509,509,492,17,0,92
1466,1070,1070,995,75,0,396
2281,1675,1675,1566,109,0,606
2923,2367,2367,2228,139,0,556
0,0,0,0,0,0,0
3354,2718,2718,2617,101,0,636
1642,1301,1301,1150,151,0,341
683,514,485,424,61,29,169
794,754,754,735,19,0,40
1043,777,777,697,80,0,266
2306,1625,1625,1562,63,0,681
0,0,0,0,0,0,0
1184,949,949,887,62,0,235
850,647,647,638,9,0,203
1254,997,997,862,135,0,257
645,393,393,393,0,0,252
2525,1092,1092,1009,83,0,1433
864,679,679,653,26,0,185
829,551,551,481,70,0,278
1207,800,800,736,64,0,407
1070,790,790,727,63,0,280
956,832,821,785,36,11,124
867,616,616,558,58,0,251
837,659,659,626,33,0,178
1625,1164,1164,1029,135,0,461
968,749,749,749,0,0,219
703,455,455,431,24,0,248
1051,604,604,533,71,0,447
570,441,441,408,33,0,129
1239,893,893,828,65,0,346
1636,1229,1229,1139,90,0,407
1357,838,838,824,14,0,519
518,402,402,369,33,0,116
821,572,572,570,2,0,249
1331,797,797,416,381,0,534
439,288,288,258,30,0,151
489,216,216,192,24,0,273
624,299,299,203,96,0,325
949,576,576,536,40,0,373
693,469,469,392,77,0,224
602,413,413,392,21,0,189
546,292,292,258,34,0,254
1710,1194,1194,1058,136,0,516
995,686,686,669,17,0,309
965,492,492,452,40,0,473
640,272,272,232,40,0,368
997,614,614,606,8,0,383
1265,881,881,855,26,0,384
975,888,888,843,45,0,87
998,806,806,806,0,0,192
1052,929,929,929,0,0,123
1093,582,582,567,15,0,511
808,733,733,733,0,0,75
1841,1357,1357,1267,90,0,484
899,783,783,736,47,0,116
1333,1015,1015,1015,0,0,318
749,412,412,386,26,0,337
624,359,359,223,136,0,265
915,635,635,576,59,0,280
1371,867,867,705,162,0,504
1023,667,667,473,194,0,356
539,438,438,411,27,0,101
1058,608,608,574,34,0,450
1389,872,872,849,23,0,517
1041,645,645,645,0,0,396
1667,968,968,913,55,0,699
827,406,406,339,67,0,421
791,437,437,418,19,0,354
603,494,494,446,48,0,109
585,374,374,349,25,0,211
1209,748,748,605,143,0,461
1071,700,700,556,144,0,371
921,585,585,524,61,0,336
559,252,252,245,7,0,307
571,334,334,241,93,0,237
791,372,372,311,61,0,419
557,309,309,189,120,0,248
461,319,319,182,137,0,142
480,339,339,248,91,0,141
704,614,614,538,76,0,90
872,454,454,421,33,0,418
644,395,395,342,53,0,249
1594,1017,1017,964,53,0,577
752,390,390,367,23,0,362
1700,1027,1027,914,113,0,673
1121,718,718,662,56,0,403
1103,675,675,675,0,0,428
2083,1204,1204,1118,86,0,879
847,501,501,449,52,0,346
756,464,464,443,21,0,292
1791,1188,1188,1162,26,0,603
1429,1019,1019,948,71,0,410
1059,708,708,451,257,0,351
1061,706,706,676,30,0,355
486,333,333,297,36,0,153
1206,971,971,846,125,0,235
3971,2996,2996,2967,29,0,975
1338,767,767,722,45,0,571
1876,1170,1170,903,267,0,706
685,564,564,524,40,0,121
413,324,324,324,0,0,89
1399,865,865,781,84,0,534
578,417,417,417,0,0,161
1907,1216,1216,1059,157,0,691
1896,1227,1227,1168,59,0,669
1957,1315,1315,1264,51,0,642
1598,794,794,775,19,0,804
1824,1239,1239,1214,25,0,585
3031,1857,1857,1697,160,0,1174
1389,667,667,652,15,0,722
1725,1187,1187,1121,66,0,538
824,496,496,490,6,0,328
872,553,553,542,11,0,319
637,368,368,319,49,0,269
1103,679,679,642,37,0,424
918,588,588,542,46,0,330
1039,698,698,661,37,0,341
1822,1333,1333,1261,72,0,489
2778,1716,1716,1666,50,0,1062
1073,922,922,903,19,0,151
551,494,494,472,22,0,57
677,486,486,456,30,0,191
503,405,405,405,0,0,98
702,566,566,545,21,0,136
1472,1206,1206,1123,83,0,266
532,449,449,420,29,0,83
488,341,341,309,32,0,147
1042,586,586,574,12,0,456
1660,988,988,879,109,0,672
631,573,573,552,21,0,58
896,783,783,767,16,0,113
583,416,416,382,34,0,167
786,586,586,539,47,0,200
833,498,498,437,61,0,335
601,367,367,354,13,0,234
1042,591,591,549,42,0,451
937,634,634,634,0,0,303
789,607,607,510,97,0,182
918,522,522,449,73,0,396
570,337,337,306,31,0,233
756,454,454,454,0,0,302
1778,1107,1107,934,173,0,671
1209,614,614,523,91,0,595
1115,853,853,760,93,0,262
923,496,496,483,13,0,427
1623,1061,1061,966,95,0,562
911,613,613,613,0,0,298
1074,512,512,501,11,0,562
494,320,320,300,20,0,174
607,359,359,333,26,0,248
568,288,288,281,7,0,280
1463,845,845,825,20,0,618
1024,623,623,590,33,0,401
1725,939,939,866,73,0,786
522,416,416,393,23,0,106
794,552,552,489,63,0,242
1561,1083,1083,1060,23,0,478
836,433,433,414,19,0,403
668,416,416,396,20,0,252
1030,698,698,681,17,0,332
1445,986,986,933,53,0,459
789,455,455,440,15,0,334
650,418,418,410,8,0,232
862,564,564,547,17,0,298
628,321,321,321,0,0,307
639,456,456,419,37,0,183
496,314,314,287,27,0,182
1116,847,847,808,39,0,269
1007,640,640,640,0,0,367
1231,763,763,722,41,0,468
474,315,315,311,4,0,159
969,482,482,474,8,0,487
653,444,444,401,43,0,209
622,499,499,485,14,0,123
1156,947,947,931,16,0,209
906,711,711,624,87,0,195
1273,700,700,688,12,0,573
1081,848,848,760,88,0,233
2023,1723,1723,1646,77,0,300
1000,685,685,630,55,0,315
1050,722,722,701,21,0,328
677,427,427,427,0,0,250
765,453,453,425,28,0,312
1320,673,673,653,20,0,647
496,301,301,175,126,0,195
383,205,205,176,29,0,178
1082,590,590,382,208,0,492
720,465,465,393,72,0,255
875,517,517,425,92,0,358
626,289,289,233,56,0,337
754,482,482,463,19,0,272
733,489,489,451,38,0,244
788,497,497,483,14,0,291
1251,966,966,899,67,0,285
2339,1533,1533,1456,77,0,806
858,596,596,550,46,0,262
778,321,321,321,0,0,457
1678,1150,1150,1111,39,0,528
2096,1559,1559,1491,68,0,537
1590,918,918,856,62,0,672
1111,879,879,847,32,0,232
579,488,488,412,76,0,91
1185,903,903,831,72,0,282
651,375,375,366,9,0,276
537,388,388,371,17,0,149
421,408,408,360,48,0,13
1034,767,767,759,8,0,267
327,232,232,232,0,0,95
1578,997,997,919,78,0,581
1611,1147,1147,970,177,0,464
1743,1211,1211,1173,38,0,532
664,546,524,468,56,22,118
1402,1044,1044,960,84,0,358
1123,940,940,834,106,0,183
1182,666,666,636,30,0,516
1276,832,832,825,7,0,444
1231,981,981,919,62,0,250
903,528,528,504,24,0,375
873,537,537,515,22,0,336
1653,1081,1081,926,155,0,572
1001,647,647,630,17,0,354
1593,969,969,876,93,0,624
686,242,242,166,76,0,444
905,412,412,347,65,0,493
691,454,454,454,0,0,237
1049,474,474,397,77,0,575
1409,811,811,794,17,0,598
1826,1376,1376,1233,143,0,450
1223,775,775,675,100,0,448
893,666,666,535,131,0,227
667,464,464,414,50,0,203
538,300,300,254,46,0,238
1337,850,850,714,136,0,487
1236,790,790,538,252,0,446
1380,985,985,869,116,0,395
661,376,376,349,27,0,285
809,560,560,501,59,0,249
723,476,476,417,59,0,247
1202,801,801,740,61,0,401
1613,858,858,811,47,0,755
735,234,234,234,0,0,501
609,344,344,264,80,0,265
530,343,343,282,61,0,187
949,576,576,565,11,0,373
667,410,410,361,49,0,257
1103,745,745,680,65,0,358
1033,875,875,734,141,0,158
742,481,481,428,53,0,261
987,569,569,543,26,0,418
1131,855,855,795,60,0,276
996,695,695,619,76,0,301
1000,477,477,457,20,0,523
1453,1125,1125,1067,58,0,328
2019,1379,1379,1065,314,0,640
1007,545,545,524,21,0,462
1217,1042,1042,1025,17,0,175
740,645,645,628,17,0,95
420,308,308,308,0,0,112
1046,773,773,742,31,0,273
759,626,626,575,51,0,133
635,302,302,302,0,0,333
1156,870,870,850,20,0,286
1253,794,794,598,196,0,459
2597,1920,1920,1697,223,0,677
443,348,348,348,0,0,95
896,671,671,665,6,0,225
1100,792,792,719,73,0,308
1281,807,807,792,15,0,474
1157,908,908,685,223,0,249
790,565,565,440,125,0,225
706,357,357,314,43,0,349
973,504,504,332,172,0,469
1569,1114,1114,978,136,0,455
423,226,226,171,55,0,197
1400,1098,1098,1073,25,0,302
1280,862,862,825,37,0,418
655,412,412,390,22,0,243
643,344,344,295,49,0,299
330,163,163,80,83,0,167
1497,851,843,775,68,8,646
708,443,443,415,28,0,265
1162,499,499,480,19,0,663
677,516,516,490,26,0,161
1030,553,553,534,19,0,477
735,517,517,473,44,0,218
851,594,587,559,28,7,257
720,639,639,634,5,0,81
741,661,661,652,9,0,80
1522,1043,1043,977,66,0,479
712,437,437,417,20,0,275
1030,695,695,684,11,0,335
1132,949,949,898,51,0,183
1560,933,933,920,13,0,627
506,345,345,305,40,0,161
736,461,461,445,16,0,275
1392,964,964,944,20,0,428
942,741,741,667,74,0,201
1250,685,685,637,48,0,565
1078,820,820,645,175,0,258
982,644,644,624,20,0,338
2039,1561,1561,1541,20,0,478
891,662,662,575,87,0,229
1391,1035,1035,947,88,0,356
1832,1200,1200,1169,31,0,632
1642,1482,1482,1398,84,0,160
928,638,638,589,49,0,290
1076,593,593,505,88,0,483
1426,883,883,774,109,0,543
1206,849,849,786,63,0,357
2049,1275,1275,1202,73,0,774
980,511,511,439,72,0,469
1513,719,719,591,128,0,794
1537,1033,1033,869,164,0,504
728,477,477,448,29,0,251
1096,741,741,677,64,0,355
1307,909,909,885,24,0,398
461,350,350,332,18,0,111
889,703,703,695,8,0,186
698,472,472,472,0,0,226
1775,1399,1399,1232,167,0,376
1401,812,812,751,61,0,589
806,667,667,536,131,0,139
507,282,282,215,67,0,225
429,211,211,168,43,0,218
1140,349,349,292,57,0,791
1210,628,628,527,101,0,582
898,669,669,530,139,0,229
997,724,724,628,96,0,273
1188,962,962,713,249,0,226
700,410,410,399,11,0,290
788,626,626,485,141,0,162
1713,1172,1172,1113,59,0,541
650,491,491,450,41,0,159
1004,702,702,672,30,0,302
816,532,532,511,21,0,284
1651,1139,1139,1071,68,0,512
1954,1422,1422,1257,165,0,532
705,398,398,319,79,0,307
1194,730,730,566,164,0,464
1287,843,843,713,130,0,444
2060,1219,1219,1114,105,0,841
578,267,267,236,31,0,311
920,462,462,421,41,0,458
1000,485,485,471,14,0,515
1181,827,827,702,125,0,354
1510,1042,1042,984,58,0,468
663,470,470,443,27,0,193
1234,881,881,834,47,0,353
615,518,518,490,28,0,97
1072,695,695,648,47,0,377
2611,1006,1006,932,74,0,1605
1024,649,649,547,102,0,375
571,423,423,295,128,0,148
389,225,225,147,78,0,164
1045,513,513,298,215,0,532
1484,936,936,728,208,0,548
962,626,626,433,193,0,336
965,560,560,314,246,0,405
802,610,610,589,21,0,192
850,537,537,492,45,0,313
1306,791,791,753,38,0,515
1029,600,600,570,30,0,429
771,572,572,458,114,0,199
1391,980,980,971,9,0,411
1244,834,834,731,103,0,410
153,56,56,47,9,0,97
256,74,74,71,3,0,182
1045,676,676,493,183,0,369
365,199,199,191,8,0,166
3377,2097,2085,1860,225,12,1280
1114,612,612,480,132,0,502
924,502,502,365,137,0,422
480,300,300,273,27,0,180
752,444,444,411,33,0,308
833,584,584,450,134,0,249
96,65,65,49,16,0,31
438,241,241,199,42,0,197
921,424,424,232,192,0,497
1480,1027,1027,891,136,0,453
610,380,380,380,0,0,230
1051,800,800,662,138,0,251
1817,1268,1268,1247,21,0,549
971,716,716,684,32,0,255
951,421,421,421,0,0,530
0,0,0,0,0,0,0
1337,1034,1034,991,43,0,303
1189,773,773,720,53,0,416
877,484,484,334,150,0,393
1427,1104,1104,1065,39,0,323
1343,917,917,844,73,0,426
921,542,542,509,33,0,379
859,583,580,505,75,3,276
1392,541,541,516,25,0,851
1185,861,842,842,0,19,324
858,640,640,628,12,0,218
719,511,511,498,13,0,208
630,485,485,451,34,0,145
822,577,577,538,39,0,245
817,565,565,565,0,0,252
847,585,585,514,71,0,262
890,473,473,430,43,0,417
1520,774,774,655,119,0,746
1371,1067,1067,973,94,0,304
1631,1159,1159,1104,55,0,472
1741,1210,1210,982,228,0,531
464,258,258,228,30,0,206
649,402,402,242,160,0,247
661,420,420,345,75,0,241
630,296,296,284,12,0,334
836,607,607,549,58,0,229
1164,845,845,828,17,0,319
213,159,159,159,0,0,54
828,513,513,508,5,0,315
1037,642,642,584,58,0,395
1126,710,710,680,30,0,416
1346,991,991,914,77,0,355
549,272,272,272,0,0,277
957,582,582,340,242,0,375
1725,1004,1004,883,121,0,721
1183,850,850,809,41,0,333
1075,585,585,422,163,0,490
687,366,366,245,121,0,321
765,508,508,454,54,0,257
534,339,339,192,147,0,195
1128,659,659,460,199,0,469
602,319,319,278,41,0,283
1491,744,744,584,160,0,747
1324,501,501,367,134,0,823
469,277,277,206,71,0,192
1323,1043,1043,1028,15,0,280
901,685,685,645,40,0,216
1711,1563,1563,1486,77,0,148
1504,1227,1227,1206,21,0,277
542,385,385,385,0,0,157
794,641,641,628,13,0,153
1402,1041,1041,934,107,0,361
1334,1094,1084,979,105,10,240
700,537,537,504,33,0,163
777,643,643,626,17,0,134
1088,930,930,850,80,0,158
816,536,536,381,155,0,280
649,416,416,315,101,0,233
809,574,574,503,71,0,235
432,268,234,128,106,34,164
907,515,515,474,41,0,392
1156,711,711,681,30,0,445
596,404,404,404,0,0,192
613,439,439,360,79,0,174
1312,961,961,961,0,0,351
985,741,741,694,47,0,244
1566,906,906,857,49,0,660
520,296,296,265,31,0,224
2083,1343,1343,1239,104,0,740
684,442,442,372,70,0,242
2141,1276,1276,1192,84,0,865
1990,1548,1548,1426,122,0,442
1818,1220,1220,1145,75,0,598
837,620,620,541,79,0,217
1891,1373,1373,1298,75,0,518
1695,1312,1312,1312,0,0,383
1669,1400,1400,1326,74,0,269
694,411,411,401,10,0,283
2379,1534,1534,1430,104,0,845
606,351,351,309,42,0,255
939,442,442,419,23,0,497
1209,714,714,700,14,0,495
783,358,358,324,34,0,425
1155,682,682,651,31,0,473
1010,717,717,603,114,0,293
1146,763,763,693,70,0,383
643,502,502,427,75,0,141
830,551,551,436,115,0,279
536,279,279,166,113,0,257
934,567,567,378,189,0,367
581,353,353,345,8,0,228
977,674,674,611,63,0,303
1334,938,938,771,167,0,396
578,327,327,292,35,0,251
1312,858,858,720,138,0,454
548,315,315,298,17,0,233
1180,749,749,728,21,0,431
1002,644,644,543,101,0,358
2814,1730,1730,1539,191,0,1084
1031,579,579,507,72,0,452
819,538,538,475,63,0,281
830,433,433,280,153,0,397
959,620,620,591,29,0,339
502,327,327,298,29,0,175
1078,759,759,708,51,0,319
1264,497,497,476,21,0,767
1641,875,875,724,151,0,766
432,263,263,249,14,0,169
859,370,370,309,61,0,489
840,499,499,388,111,0,341
453,241,241,170,71,0,212
1060,497,497,421,76,0,563
1501,997,997,893,104,0,504
298,128,128,62,66,0,170
781,421,421,349,72,0,360
1587,815,815,752,63,0,772
1437,1118,1118,1050,68,0,319
858,703,703,695,8,0,155
742,605,605,551,54,0,137
438,340,340,317,23,0,98
586,388,388,388,0,0,198
2275,1466,1466,1280,186,0,809
960,719,719,709,10,0,241
1143,644,644,630,14,0,499
967,653,653,598,55,0,314
1304,965,965,792,173,0,339
478,293,293,270,23,0,185
952,492,492,358,134,0,460
592,244,244,221,23,0,348
417,210,210,154,56,0,207
573,332,332,310,22,0,241
862,587,587,566,21,0,275
558,390,390,377,13,0,168
546,369,369,361,8,0,177
904,558,540,497,43,18,346
826,557,557,509,48,0,269
932,508,508,446,62,0,424
786,553,553,517,36,0,233
912,608,608,481,127,0,304
1728,1120,1120,1080,40,0,608
806,551,551,515,36,0,255
1027,477,477,425,52,0,550
616,386,386,377,9,0,230
861,578,578,554,24,0,283
665,334,334,307,27,0,331
1537,620,620,531,89,0,917
678,482,482,482,0,0,196
885,740,740,698,42,0,145
1996,1522,1522,1435,87,0,474
1893,1471,1471,1366,105,0,422
1006,786,786,752,34,0,220
1707,1304,1304,1141,163,0,403
654,453,453,444,9,0,201
1589,1092,1092,1092,0,0,497
1143,824,824,806,18,0,319
960,611,611,611,0,0,349
554,354,354,354,0,0,200
1058,667,667,469,198,0,391
826,460,460,366,94,0,366
238,147,147,137,10,0,91
990,880,880,865,15,0,110
719,561,561,548,13,0,158
753,559,559,542,17,0,194
902,523,523,486,37,0,379
870,518,518,486,32,0,352
1775,1162,1162,1075,87,0,613
766,280,280,274,6,0,486
927,581,581,581,0,0,346
2633,1723,1723,1684,39,0,910
798,504,504,465,39,0,294
844,505,505,493,12,0,339
564,369,369,338,31,0,195
956,706,706,651,55,0,250
1399,1038,1038,1006,32,0,361
844,530,530,489,41,0,314
417,345,345,345,0,0,72
917,732,732,637,95,0,185
1000,785,785,749,36,0,215
2750,1904,1904,1835,69,0,846
1668,1242,1242,1130,112,0,426
977,709,709,585,124,0,268
1025,610,610,481,129,0,415
703,567,567,421,146,0,136
718,467,467,387,80,0,251
751,570,570,504,66,0,181
935,483,483,439,44,0,452
703,403,403,382,21,0,300
1105,823,823,637,186,0,282
1149,689,689,523,166,0,460
373,207,207,69,138,0,166
630,406,406,342,64,0,224
745,539,539,430,109,0,206
2161,2025,2025,1924,101,0,136
1207,887,887,770,117,0,320
716,413,413,399,14,0,303
752,363,363,302,61,0,389
506,323,323,323,0,0,183
1014,668,668,668,0,0,346
2165,450,450,418,32,0,1715
785,508,508,502,6,0,277
1088,751,751,678,73,0,337
2092,1791,1791,1583,208,0,301
698,378,378,360,18,0,320
1251,958,958,944,14,0,293
1033,960,953,894,59,7,73
1212,1076,1076,1026,50,0,136
786,516,516,457,59,0,270
1069,891,891,847,44,0,178
0,0,0,0,0,0,0
854,772,772,772,0,0,82
1471,934,934,888,46,0,537
1404,1035,1035,1004,31,0,369
1492,836,836,714,122,0,656
2144,1223,1223,1006,217,0,921
616,488,488,354,134,0,128
1229,749,749,590,159,0,480
1231,788,788,698,90,0,443
1309,745,745,669,76,0,564
837,603,603,533,70,0,234
706,444,444,444,0,0,262
1085,576,576,486,90,0,509
743,541,541,410,131,0,202
1279,924,924,909,15,0,355
1754,950,950,902,48,0,804
934,689,689,664,25,0,245
923,539,539,406,133,0,384
878,625,625,576,49,0,253
747,369,369,358,11,0,378
905,538,538,530,8,0,367
808,319,319,319,0,0,489
940,704,704,653,51,0,236
265,197,197,161,36,0,68
1334,928,928,846,82,0,406
969,599,599,580,19,0,370
1246,910,910,851,59,0,336
475,367,367,354,13,0,108
726,386,386,373,13,0,340
901,608,608,574,34,0,293
1259,908,908,893,15,0,351
747,521,521,501,20,0,226
466,350,350,301,49,0,116
1479,1047,1047,885,162,0,432
791,599,599,504,95,0,192
695,489,489,387,102,0,206
1038,723,723,668,55,0,315
937,649,649,622,27,0,288
794,591,591,529,62,0,203
1645,1168,1168,1032,136,0,477
1383,856,856,734,122,0,527
729,519,519,474,45,0,210
1181,878,878,718,160,0,303
2035,1108,1108,1087,21,0,927
647,539,539,523,16,0,108
1182,842,842,803,39,0,340
1440,1004,1004,854,150,0,436
1294,862,862,777,85,0,432
1049,693,693,586,107,0,356
830,436,436,307,129,0,394
1247,924,924,871,53,0,323
754,565,565,539,26,0,189
1312,1012,1012,932,80,0,300
1032,741,741,655,86,0,291
1078,762,762,753,9,0,316
2523,1719,1719,1628,91,0,804
478,397,397,340,57,0,81
2026,1674,1674,1602,72,0,352
2261,1936,1936,1817,119,0,325
1544,968,968,922,46,0,576
1040,747,747,747,0,0,293
869,509,509,400,109,0,360
622,460,460,460,0,0,162
981,679,679,666,13,0,302
564,416,416,377,39,0,148
763,500,500,488,12,0,263
1224,741,741,731,10,0,483
974,671,671,616,55,0,303
1131,662,662,628,34,0,469
1043,744,744,607,137,0,299
2113,925,925,678,247,0,1188
593,293,293,293,0,0,300
870,641,641,495,146,0,229
1543,1070,1070,983,87,0,473
2188,1238,1238,958,280,0,950
1109,835,835,689,146,0,274
594,368,368,347,21,0,226
1775,880,880,849,31,0,895
767,514,514,475,39,0,253
853,501,501,414,87,0,352
1954,1306,1306,1198,108,0,648
492,302,302,213,89,0,190
1735,1334,1334,1283,51,0,401
1212,709,709,672,37,0,503
1253,710,710,620,90,0,543
903,560,560,547,13,0,343
1044,607,607,554,53,0,437
996,694,694,685,9,0,302
953,592,592,578,14,0,361
733,521,521,521,0,0,212
527,382,382,262,120,0,145
1180,619,619,583,36,0,561
910,647,647,549,98,0,263
1278,908,908,689,219,0,370
1271,908,908,784,124,0,363
999,718,718,588,130,0,281
1192,867,867,867,0,0,325
1439,887,887,768,119,0,552
624,372,372,334,38,0,252
1741,1057,1057,967,90,0,684
991,695,695,568,127,0,296
878,667,667,583,84,0,211
1049,685,685,660,25,0,364
1047,743,743,670,73,0,304
1485,939,939,736,203,0,546
687,368,368,326,42,0,319
2023,1193,1193,948,245,0,830
927,703,703,606,97,0,224
4165,3077,3077,2670,407,0,1088
1531,821,821,797,24,0,710
1189,742,742,680,62,0,447
582,363,363,341,22,0,219
997,795,795,764,31,0,202
987,697,697,685,12,0,290
1057,631,631,616,15,0,426
1038,786,786,683,103,0,252
1172,764,764,745,19,0,408
569,422,422,384,38,0,147
737,503,503,478,25,0,234
800,453,453,409,44,0,347
926,515,515,440,75,0,411
2204,1551,1551,1411,140,0,653
728,510,510,407,103,0,218
649,438,438,438,0,0,211
1199,752,752,670,82,0,447
558,343,343,310,33,0,215
395,278,278,194,84,0,117
414,235,235,216,19,0,179
717,397,390,283,107,7,320
584,297,297,235,62,0,287
1060,607,607,414,193,0,453
681,331,331,209,122,0,350
789,537,537,395,142,0,252
389,198,198,159,39,0,191
478,357,357,357,0,0,121
580,383,383,323,60,0,197
1635,1203,1203,1081,122,0,432
971,639,639,639,0,0,332
933,736,736,683,53,0,197
606,307,307,226,81,0,299
685,460,460,331,129,0,225
1433,899,899,838,61,0,534
560,439,439,439,0,0,121
631,529,529,511,18,0,102
646,498,498,394,104,0,148
1182,782,782,658,124,0,400
1288,808,808,679,129,0,480
506,348,348,348,0,0,158
930,675,675,615,60,0,255
1115,753,753,678,75,0,362
1094,690,690,635,55,0,404
822,601,601,556,45,0,221
888,509,509,454,55,0,379
670,366,366,325,41,0,304
536,392,392,380,12,0,144
754,456,456,412,44,0,298
987,772,772,748,24,0,215
1309,860,860,860,0,0,449
1104,637,637,617,20,0,467
1320,912,912,851,61,0,408
950,658,658,639,19,0,292
664,437,437,387,50,0,227
1009,692,692,660,32,0,317
1309,901,901,704,197,0,408
1284,860,860,737,123,0,424
693,444,444,299,145,0,249
389,242,242,143,99,0,147
780,381,381,255,126,0,399
1703,1039,1039,988,51,0,664
1236,893,893,786,107,0,343
962,591,591,574,17,0,371
932,672,672,586,86,0,260
867,637,637,630,7,0,230
704,519,519,519,0,0,185
774,567,567,423,144,0,207
769,411,411,337,74,0,358
618,389,389,376,13,0,229
870,644,644,549,95,0,226
859,469,469,454,15,0,390
2960,2160,2160,2077,83,0,800
1683,1207,1207,1090,117,0,476
809,516,516,458,58,0,293
999,474,474,411,63,0,525
420,259,259,221,38,0,161
1634,1150,1150,715,435,0,484
1048,585,585,575,10,0,463
865,579,579,532,47,0,286
2075,1408,1408,1384,24,0,667
954,570,570,559,11,0,384
2268,1480,1480,1444,36,0,788
933,677,677,602,75,0,256
1781,1291,1291,1230,61,0,490
1055,632,632,559,73,0,423
1057,602,602,602,0,0,455
373,141,141,141,0,0,232
428,227,227,227,0,0,201
925,593,593,508,85,0,332
1195,874,874,802,72,0,321
844,618,618,599,19,0,226
760,410,410,360,50,0,350
909,485,485,465,20,0,424
1009,545,545,487,58,0,464
793,517,517,467,50,0,276
808,621,621,520,101,0,187
965,669,669,656,13,0,296
543,427,427,415,12,0,116
728,484,484,430,54,0,244
562,353,353,347,6,0,209
894,615,615,586,29,0,279
1149,723,723,723,0,0,426
602,297,297,274,23,0,305
576,404,404,287,117,0,172
373,270,270,259,11,0,103
608,367,367,315,52,0,241
627,424,424,386,38,0,203
1844,918,918,757,161,0,926
908,430,430,378,52,0,478
691,555,555,550,5,0,136
672,467,467,441,26,0,205
739,544,544,513,31,0,195
773,735,735,700,35,0,38
666,502,502,483,19,0,164
1192,837,837,811,26,0,355
721,469,469,442,27,0,252
1085,893,893,827,66,0,192
759,524,524,496,28,0,235
812,411,411,383,28,0,401
1575,1366,1366,1238,128,0,209
1673,1469,1469,1389,80,0,204
1342,988,988,927,61,0,354
1610,1431,1431,1408,23,0,179
1344,1216,1216,1129,87,0,128
1262,1177,1177,1142,35,0,85
617,505,505,497,8,0,112
1054,655,655,630,25,0,399
1929,1275,1275,1141,134,0,654
1042,588,588,542,46,0,454
2172,1454,1454,1318,136,0,718
1544,1335,1335,1288,47,0,209
860,439,439,439,0,0,421
554,351,351,342,9,0,203
1035,620,620,610,10,0,415
4059,2193,2193,2126,67,0,1866
849,635,635,611,24,0,214
799,449,449,422,27,0,350
1032,724,724,648,76,0,308
1076,718,718,650,68,0,358
501,353,353,330,23,0,148
555,394,394,350,44,0,161
1103,862,862,853,9,0,241
1416,1219,1219,1204,15,0,197
1663,1389,1389,1359,30,0,274
2080,1650,1650,1583,67,0,430
1274,1036,1036,974,62,0,238
727,636,636,600,36,0,91
644,466,466,434,32,0,178
440,334,334,299,35,0,106
543,420,420,378,42,0,123
1079,697,697,562,135,0,382
821,499,499,491,8,0,322
539,407,407,362,45,0,132
651,538,538,447,91,0,113
1138,606,606,581,25,0,532
588,405,386,370,16,19,183
493,335,335,300,35,0,158
548,369,369,340,29,0,179
672,546,546,541,5,0,126
623,418,418,418,0,0,205
566,443,443,416,27,0,123
656,501,501,493,8,0,155
1082,748,748,715,33,0,334
713,562,562,488,74,0,151
833,533,533,514,19,0,300
1407,883,883,825,58,0,524
1472,988,988,905,83,0,484
659,251,251,172,79,0,408
690,311,311,224,87,0,379
332,268,268,173,95,0,64
447,295,295,222,73,0,152
853,523,523,466,57,0,330
599,250,250,204,46,0,349
697,494,494,340,154,0,203
544,333,333,322,11,0,211
2141,1519,1519,1281,238,0,622
1913,1197,1197,1145,52,0,716
508,236,236,221,15,0,272
1199,739,739,709,30,0,460
1915,957,957,886,71,0,958
1898,1331,1331,1283,48,0,567
2527,1718,1702,1605,97,16,809
1030,719,719,700,19,0,311
1281,816,816,715,101,0,465
1707,1049,1049,1037,12,0,658
532,371,371,289,82,0,161
489,317,317,251,66,0,172
422,273,273,190,83,0,149
369,243,243,235,8,0,126
1484,1000,1000,962,38,0,484
1202,880,880,781,99,0,322
811,579,579,515,64,0,232
1634,1024,1024,884,140,0,610
800,501,501,416,85,0,299
1039,606,606,449,157,0,433
667,442,442,330,112,0,225
960,539,539,493,46,0,421
855,604,604,601,3,0,251
753,424,424,405,19,0,329
1147,781,781,710,71,0,366
1020,711,711,680,31,0,309
1014,643,643,597,46,0,371
812,490,490,490,0,0,322
1238,812,812,729,83,0,426
559,385,385,349,36,0,174
814,619,619,618,1,0,195
1011,871,871,844,27,0,140
710,502,502,452,50,0,208
1324,955,955,912,43,0,369
1231,766,766,634,132,0,465
828,430,430,421,9,0,398
595,351,351,264,87,0,244
1027,520,520,340,180,0,507
1734,587,587,572,15,0,1147
174,123,123,102,21,0,51
897,602,602,557,45,0,295
1559,1344,1344,1212,132,0,215
868,639,639,569,70,0,229
866,648,648,593,55,0,218
730,633,633,633,0,0,97
609,353,353,332,21,0,256
686,424,424,391,33,0,262
718,519,519,459,60,0,199
1290,1003,1003,864,139,0,287
1198,926,926,794,132,0,272
1351,931,931,825,106,0,420
1281,700,700,682,18,0,581
1040,710,705,675,30,5,330
684,487,487,463,24,0,197
1419,779,779,529,250,0,640
620,276,276,145,131,0,344
386,162,162,101,61,0,224
636,402,402,184,218,0,234
308,173,173,83,90,0,135
428,248,248,128,120,0,180
551,307,307,219,88,0,244
447,283,283,175,108,0,164
565,522,522,516,6,0,43
992,866,866,846,20,0,126
593,471,471,443,28,0,122
1110,927,927,904,23,0,183
1440,1299,1299,1251,48,0,141
1543,1386,1386,1377,9,0,157
818,676,676,666,10,0,142
799,727,727,705,22,0,72
2008,1760,1760,1727,33,0,248
1345,1234,1221,1164,57,13,111
1191,1091,1091,1043,48,0,100
1282,1131,1131,1120,11,0,151
1239,1142,1142,1126,16,0,97
1194,1163,1163,1129,34,0,31
1714,1253,1253,1184,69,0,461
963,612,612,583,29,0,351
1318,844,844,771,73,0,474
1484,937,937,872,65,0,547
992,699,699,682,17,0,293
843,692,692,665,27,0,151
494,415,415,406,9,0,79
1388,1133,1133,1037,96,0,255
721,554,554,536,18,0,167
969,592,592,535,57,0,377
1418,909,909,877,32,0,509
1145,934,934,894,40,0,211
1624,1158,1158,1072,86,0,466
1137,782,782,776,6,0,355
1593,1209,1209,1099,110,0,384
849,438,438,438,0,0,411
958,712,712,624,88,0,246
1095,701,701,687,14,0,394
1261,889,889,851,38,0,372
1326,929,929,879,50,0,397
688,459,459,429,30,0,229
1420,829,829,781,48,0,591
592,360,360,290,70,0,232
663,290,290,234,56,0,373
679,300,300,187,113,0,379
1076,631,631,548,83,0,445
835,442,442,396,46,0,393
646,514,514,481,33,0,132
426,306,306,295,11,0,120
1177,548,548,473,75,0,629
1363,1152,1152,1092,60,0,211
1039,725,725,609,116,0,314
1231,1047,1047,1006,41,0,184
699,468,468,436,32,0,231
976,729,729,697,32,0,247
657,453,453,426,27,0,204
1126,730,730,638,92,0,396
2057,1488,1488,1420,68,0,569
761,605,605,541,64,0,156
1434,739,739,686,53,0,695
1117,756,756,712,44,0,361
683,489,489,399,90,0,194
1212,887,887,733,154,0,325
713,442,442,377,65,0,271
2589,2235,2235,2235,0,0,354
6114,5021,5021,4804,217,0,1093
1650,1329,1329,1270,59,0,321
1391,1240,1240,1199,41,0,151
674,551,551,551,0,0,123
755,620,620,620,0,0,135
1723,1133,1133,1124,9,0,590
1833,1663,1663,1531,132,0,170
665,484,484,484,0,0,181
1488,1197,1197,1146,51,0,291
3049,2900,2900,2738,162,0,149
861,697,697,650,47,0,164
671,431,431,347,84,0,240
885,593,593,506,87,0,292
1282,782,782,736,46,0,500
884,542,542,528,14,0,342
531,407,407,407,0,0,124
881,621,621,595,26,0,260
889,562,562,472,90,0,327
1048,557,557,460,97,0,491
628,157,157,144,13,0,471
859,457,457,381,76,0,402
1078,463,463,378,85,0,615
737,394,394,372,22,0,343
1020,543,543,476,67,0,477
1141,574,574,498,76,0,567
839,622,622,592,30,0,217
1039,629,629,575,54,0,410
705,439,439,408,31,0,266
666,448,448,423,25,0,218
1024,765,765,765,0,0,259
1026,785,785,737,48,0,241
933,691,691,691,0,0,242
568,350,350,296,54,0,218
1231,887,887,878,9,0,344
810,525,525,450,75,0,285
907,681,681,623,58,0,226
1565,1312,1312,1190,122,0,253
318,150,150,131,19,0,168
415,218,218,139,79,0,197
484,300,300,145,155,0,184
985,565,565,350,215,0,420
643,339,339,297,42,0,304
1032,616,616,590,26,0,416
1196,1040,1040,996,44,0,156
1034,572,572,481,91,0,462
1106,963,963,896,67,0,143
1186,1031,1031,1008,23,0,155
868,504,504,478,26,0,364
1318,997,997,997,0,0,321
2143,1904,1904,1846,58,0,239
1194,600,600,367,233,0,594
995,589,589,533,56,0,406
523,269,269,229,40,0,254
1945,952,952,822,130,0,993
677,381,381,274,107,0,296
1018,451,451,379,72,0,567
832,490,490,446,44,0,342
683,475,475,412,63,0,208
892,524,524,515,9,0,368
1200,774,774,686,88,0,426
1004,785,785,785,0,0,219
671,508,508,449,59,0,163
639,375,375,348,27,0,264
1314,1190,1190,1155,35,0,124
971,545,545,477,68,0,426
855,389,389,288,101,0,466
1828,1117,1117,1031,86,0,711
505,221,221,202,19,0,284
923,460,460,378,82,0,463
491,194,194,166,28,0,297
744,559,559,518,41,0,185
1163,917,917,844,73,0,246
1306,803,803,774,29,0,503
855,570,570,548,22,0,285
520,355,355,337,18,0,165
1151,736,736,696,40,0,415
831,593,593,542,51,0,238
866,529,529,384,145,0,337
1556,1173,1173,1095,78,0,383
1266,936,936,845,91,0,330
1714,1291,1291,1203,88,0,423
1425,1341,1341,1299,42,0,84
2134,1786,1786,1658,128,0,348
1198,778,778,722,56,0,420
1319,972,972,894,78,0,347
1440,909,909,813,96,0,531
722,565,565,564,1,0,157
497,282,282,241,41,0,215
159,89,89,74,15,0,70
1297,801,801,683,118,0,496
1043,742,742,666,76,0,301
686,331,331,248,83,0,355
1459,672,672,549,123,0,787
699,330,330,272,58,0,369
1181,701,701,557,144,0,480
1219,668,668,546,122,0,551
598,372,372,356,16,0,226
683,457,457,434,23,0,226
1135,770,770,665,105,0,365
542,394,394,361,33,0,148
664,424,424,282,142,0,240
1463,854,854,813,41,0,609
697,582,582,545,37,0,115
1310,827,827,697,130,0,483
1132,958,958,940,18,0,174
1413,1001,1001,944,57,0,412
860,657,657,657,0,0,203
1657,1018,1018,976,42,0,639
622,368,368,316,52,0,254
799,432,432,432,0,0,367
1039,627,627,612,15,0,412
724,549,549,549,0,0,175
667,437,437,411,26,0,230
1124,607,607,607,0,0,517
1120,797,797,752,45,0,323
1336,925,925,878,47,0,411
1207,754,754,723,31,0,453
1654,1407,1407,1317,90,0,247
1580,1252,1252,1164,88,0,328
1330,1159,1159,1140,19,0,171
893,752,752,722,30,0,141
1084,653,653,529,124,0,431
1438,865,865,729,136,0,573
1652,1193,1193,1050,143,0,459
792,571,571,510,61,0,221
491,321,321,242,79,0,170
691,485,485,485,0,0,206
1010,553,553,541,12,0,457
586,392,392,379,13,0,194
858,703,703,642,61,0,155
1649,1151,1151,1086,65,0,498
755,634,634,634,0,0,121
753,359,359,282,77,0,394
1161,729,729,711,18,0,432
706,413,413,385,28,0,293
895,759,759,636,123,0,136
786,543,543,543,0,0,243
1206,801,801,697,104,0,405
699,467,467,375,92,0,232
1000,633,633,623,10,0,367
1578,1195,1195,1022,173,0,383
1227,710,710,592,118,0,517
637,359,359,287,72,0,278
3558,1981,1981,1829,152,0,1577
2210,1357,1357,1004,353,0,853
1453,808,808,761,47,0,645
813,458,458,416,42,0,355
1482,977,977,952,25,0,505
754,451,451,417,34,0,303
680,466,466,429,37,0,214
965,473,473,459,14,0,492
746,444,444,383,61,0,302
1221,1039,1039,966,73,0,182
688,461,461,439,22,0,227
1254,916,916,865,51,0,338
823,517,491,458,33,26,306
1900,1434,1434,1352,82,0,466
995,458,458,434,24,0,537
796,516,516,474,42,0,280
1233,648,648,432,216,0,585
583,352,352,265,87,0,231
480,334,334,324,10,0,146
1207,525,525,525,0,0,682
1369,883,883,872,11,0,486
780,556,556,529,27,0,224
621,348,348,338,10,0,273
849,562,562,540,22,0,287
1921,1366,1366,1259,107,0,555
715,513,513,491,22,0,202
767,474,474,471,3,0,293
1603,1130,1130,1058,72,0,473
792,391,391,371,20,0,401
1148,590,590,590,0,0,558
571,317,317,292,25,0,254
1665,789,789,726,63,0,876
1305,807,807,738,69,0,498
1693,1122,1122,1075,47,0,571
1359,1005,1005,833,172,0,354
868,750,750,750,0,0,118
428,326,326,326,0,0,102
992,733,733,709,24,0,259
1105,844,844,781,63,0,261
1252,755,755,728,27,0,497
849,734,734,698,36,0,115
1219,965,965,897,68,0,254
812,498,498,465,33,0,314
686,550,550,550,0,0,136
572,514,514,481,33,0,58
1038,920,920,910,10,0,118
1777,1575,1575,1541,34,0,202
880,702,702,682,20,0,178
1842,1535,1535,1486,49,0,307
1877,1570,1570,1539,31,0,307
761,500,500,489,11,0,261
1029,718,718,627,91,0,311
1601,1097,1097,946,151,0,504
1367,809,809,807,2,0,558
793,630,630,624,6,0,163
869,735,735,725,10,0,134
974,883,883,849,34,0,91
977,726,726,717,9,0,251
451,282,282,282,0,0,169
1464,1020,1020,998,22,0,444
789,678,678,638,40,0,111
863,602,602,563,39,0,261
677,443,443,443,0,0,234
145,0,0,0,0,0,145
544,453,453,401,52,0,91
787,665,665,650,15,0,122
974,717,717,517,200,0,257
1433,838,838,760,78,0,595
722,400,400,367,33,0,322
1097,720,720,701,19,0,377
645,432,432,423,9,0,213
964,601,601,585,16,0,363
539,383,383,376,7,0,156
1079,374,374,313,61,0,705
781,481,454,350,104,27,300
496,254,254,216,38,0,242
370,198,198,100,98,0,172
483,267,267,153,114,0,216
1069,547,547,424,123,0,522
1172,668,668,541,127,0,504
841,506,506,436,70,0,335
867,575,575,442,133,0,292
1045,788,788,788,0,0,257
637,475,475,361,114,0,162
1158,791,791,772,19,0,367
859,606,606,596,10,0,253
1105,686,686,537,149,0,419
756,547,547,496,51,0,209
1740,1179,1167,961,206,12,561
872,537,537,501,36,0,335
599,426,426,390,36,0,173
744,546,546,504,42,0,198
625,446,446,416,30,0,179
1042,656,656,584,72,0,386
1286,887,887,690,197,0,399
650,464,464,401,63,0,186
324,175,175,158,17,0,149
1280,854,854,783,71,0,426
1451,783,783,690,93,0,668
1035,654,654,529,125,0,381
986,612,612,597,15,0,374
1288,828,828,711,117,0,460
880,558,558,524,34,0,322
471,361,361,349,12,0,110
528,275,275,234,41,0,253
768,218,218,149,69,0,550
1297,1002,1002,910,92,0,295
1127,700,700,676,24,0,427
790,456,456,433,23,0,334
1151,534,534,513,21,0,617
1247,861,861,812,49,0,386
463,274,274,254,20,0,189
1220,1185,1185,1173,12,0,35
804,614,614,607,7,0,190
1319,922,922,844,78,0,397
785,558,558,534,24,0,227
829,453,453,353,100,0,376
816,571,571,504,67,0,245
1214,740,740,683,57,0,474
949,477,477,397,80,0,472
1044,431,431,327,104,0,613
1072,711,711,699,12,0,361
895,608,608,545,63,0,287
707,294,294,238,56,0,413
1739,736,736,680,56,0,1003
879,716,716,555,161,0,163
814,539,539,434,105,0,275
810,679,679,646,33,0,131
1567,1075,1075,953,122,0,492
766,471,471,348,123,0,295
1007,763,763,645,118,0,244
1182,875,875,818,57,0,307
1049,668,668,565,103,0,381
1727,1206,1206,1136,70,0,521
1066,564,564,301,263,0,502
1067,606,606,432,174,0,461
894,473,473,438,35,0,421
698,421,421,421,0,0,277
497,339,339,331,8,0,158
503,395,395,228,167,0,108
368,143,143,91,52,0,225
1183,850,850,639,211,0,333
896,612,612,545,67,0,284
460,305,305,223,82,0,155
2560,1759,1759,1578,181,0,801
650,530,530,458,72,0,120
1422,1035,1035,917,118,0,387
741,334,334,264,70,0,407
674,399,399,252,147,0,275
569,314,314,256,58,0,255
489,383,383,271,112,0,106
1167,638,638,485,153,0,529
1024,630,630,504,126,0,394
877,568,568,423,145,0,309
1246,1008,1008,1005,3,0,238
703,439,439,439,0,0,264
887,578,578,572,6,0,309
876,609,609,596,13,0,267
405,287,287,287,0,0,118
455,349,349,329,20,0,106
891,482,482,469,13,0,409
1048,831,831,808,23,0,217
1152,891,891,787,104,0,261
1262,802,802,669,133,0,460
2443,1566,1566,1526,40,0,877
986,738,731,671,60,7,248
928,738,738,694,44,0,190
722,501,501,461,40,0,221
887,721,721,658,63,0,166
1238,1050,1050,1033,17,0,188
1266,1150,1150,1108,42,0,116
986,490,490,483,7,0,496
1152,886,886,845,41,0,266
1459,819,819,690,129,0,640
1140,797,797,753,44,0,343
675,441,441,418,23,0,234
1158,809,809,711,98,0,349
665,498,498,477,21,0,167
1205,408,408,295,113,0,797
671,450,450,427,23,0,221
1337,817,817,722,95,0,520
645,398,398,265,133,0,247
830,560,560,332,228,0,270
553,306,306,284,22,0,247
886,633,633,585,48,0,253
434,298,298,269,29,0,136
1135,701,701,614,87,0,434
1385,658,658,512,146,0,727
531,296,296,245,51,0,235
679,505,505,442,63,0,174
448,263,263,154,109,0,185
722,432,432,406,26,0,290
996,518,518,487,31,0,478
909,390,390,287,103,0,519
561,372,372,329,43,0,189
777,619,619,593,26,0,158
1084,821,821,797,24,0,263
1600,1292,1292,1264,28,0,308
566,462,462,448,14,0,104
1250,1028,1028,949,79,0,222
608,445,445,421,24,0,163
1271,659,659,659,0,0,612
1109,864,864,828,36,0,245
893,626,626,578,48,0,267
745,515,515,506,9,0,230
931,671,671,654,17,0,260
2067,1261,1261,1206,55,0,806
770,522,522,452,70,0,248
1531,996,996,904,92,0,535
820,570,551,539,12,19,250
853,430,430,331,99,0,423
983,547,547,430,117,0,436
1225,748,748,674,74,0,477
976,631,631,563,68,0,345
1558,1074,1074,899,175,0,484
1374,806,806,777,29,0,568
711,362,362,197,165,0,349
667,437,437,273,164,0,230
436,318,318,206,112,0,118
3390,2123,2123,1886,237,0,1267
1218,618,618,524,94,0,600
628,383,383,328,55,0,245
996,527,527,527,0,0,469
2090,1215,1215,1105,110,0,875
856,331,331,268,63,0,525
1621,1002,1002,906,96,0,619
897,590,590,486,104,0,307
889,421,421,317,104,0,468
776,505,505,495,10,0,271
1100,666,666,664,2,0,434
1231,935,935,841,94,0,296
1265,962,962,869,93,0,303
1555,1253,1253,1188,65,0,302
613,415,415,396,19,0,198
689,457,457,418,39,0,232
588,302,302,273,29,0,286
974,642,642,642,0,0,332
554,362,362,264,98,0,192
746,465,465,336,129,0,281
580,347,347,264,83,0,233
402,149,149,114,35,0,253
668,394,394,250,144,0,274
1234,778,778,765,13,0,456
1475,713,713,489,224,0,762
843,573,573,555,18,0,270
1041,620,620,575,45,0,421
1643,1224,1224,1113,111,0,419
619,389,389,300,89,0,230
612,356,356,356,0,0,256
804,709,709,625,84,0,95
963,616,616,532,84,0,347
789,517,517,476,41,0,272
850,416,416,408,8,0,434
817,595,595,557,38,0,222
648,396,396,306,90,0,252
561,315,315,265,50,0,246
490,231,231,112,119,0,259
454,197,197,130,67,0,257
1484,944,944,801,143,0,540
379,164,164,124,40,0,215
1394,752,752,533,219,0,642
851,668,668,596,72,0,183
429,231,231,205,26,0,198
913,691,691,547,144,0,222
1074,730,730,605,125,0,344
829,561,561,559,2,0,268
2209,1408,1408,1267,141,0,801
1452,1047,1047,935,112,0,405
423,337,337,281,56,0,86
995,713,713,600,113,0,282
540,341,341,247,94,0,199
708,392,392,243,149,0,316
292,177,177,96,81,0,115
499,276,276,128,148,0,223
2063,1377,1377,1308,69,0,686
1030,688,688,650,38,0,342
1589,1032,1032,930,102,0,557
691,385,385,281,104,0,306
758,533,533,533,0,0,225
1028,613,613,449,164,0,415
1000,692,692,680,12,0,308
1717,1103,1103,1070,33,0,614
1255,895,895,798,97,0,360
909,583,583,478,105,0,326
1357,729,729,513,216,0,628
1367,791,791,615,176,0,576
1340,920,920,875,45,0,420
669,452,452,431,21,0,217
648,507,507,492,15,0,141
679,558,558,541,17,0,121
742,403,403,365,38,0,339
530,316,316,272,44,0,214
823,465,465,416,49,0,358
753,371,371,341,30,0,382
1986,1831,1831,1822,9,0,155
1322,996,996,996,0,0,326
400,286,286,270,16,0,114
919,649,649,649,0,0,270
669,403,403,362,41,0,266
567,372,372,357,15,0,195
1034,646,646,621,25,0,388
1214,835,835,732,103,0,379
962,596,596,524,72,0,366
595,425,425,406,19,0,170
550,389,389,344,45,0,161
823,577,577,527,50,0,246
1053,636,636,597,39,0,417
715,471,471,442,29,0,244
667,335,335,267,68,0,332
575,375,375,244,131,0,200
1333,822,822,747,75,0,511
1412,1076,1076,1008,68,0,336
1221,752,752,744,8,0,469
1166,629,629,610,19,0,537
1958,1105,1105,1056,49,0,853
1281,739,739,684,55,0,542
695,343,343,320,23,0,352
706,420,420,382,38,0,286
852,543,543,505,38,0,309
1656,1104,1104,977,127,0,552
1659,1093,1093,1019,74,0,566
610,488,488,475,13,0,122
1112,712,712,605,107,0,400
894,448,448,420,28,0,446
1124,581,581,548,33,0,543
880,473,473,437,36,0,407
861,319,319,298,21,0,542
1252,661,661,578,83,0,591
742,395,395,341,54,0,347
1660,758,758,706,52,0,902
474,269,269,230,39,0,205
562,386,386,376,10,0,176
1638,1013,1013,891,122,0,625
1232,1000,1000,975,25,0,232
746,565,565,462,103,0,181
460,263,263,252,11,0,197
802,526,521,477,44,5,276
388,267,267,257,10,0,121
741,540,529,509,20,11,201
606,483,483,434,49,0,123
802,408,408,391,17,0,394
734,538,538,490,48,0,196
868,499,499,468,31,0,369
713,569,553,468,85,16,144
706,478,478,446,32,0,228
1114,733,733,623,110,0,381
826,616,616,579,37,0,210
658,507,507,476,31,0,151
912,587,587,508,79,0,325
1000,706,706,671,35,0,294
532,415,415,367,48,0,117
886,656,656,638,18,0,230
829,534,534,525,9,0,295
852,640,640,608,32,0,212
737,455,455,438,17,0,282
958,690,690,574,116,0,268
1439,926,926,850,76,0,513
537,386,386,343,43,0,151
794,618,618,539,79,0,176
909,528,528,507,21,0,381
1232,941,941,745,196,0,291
927,684,684,616,68,0,243
648,388,388,371,17,0,260
709,438,438,422,16,0,271
993,579,579,512,67,0,414
906,740,740,632,108,0,166
828,676,676,651,25,0,152
778,504,504,466,38,0,274
697,487,487,474,13,0,210
1099,610,610,610,0,0,489
1142,796,796,731,65,0,346
1574,966,966,966,0,0,608
982,837,837,828,9,0,145
1379,1204,1204,1103,101,0,175
2643,2079,2079,1961,118,0,564
3119,2926,2926,2813,113,0,193
723,440,440,440,0,0,283
674,473,473,452,21,0,201
824,490,490,363,127,0,334
790,629,629,574,55,0,161
1509,1010,1010,989,21,0,499
473,268,268,260,8,0,205
2686,1790,1790,1758,32,0,896
1095,555,555,387,168,0,540
2179,1418,1418,1303,115,0,761
802,636,636,609,27,0,166
932,522,522,522,0,0,410
415,249,249,246,3,0,166
1019,529,529,515,14,0,490
1104,854,854,798,56,0,250
1076,784,784,673,111,0,292
895,520,520,492,28,0,375
1836,1388,1388,1354,34,0,448
2549,1831,1831,1812,19,0,718
1483,1037,1037,1012,25,0,446
905,472,472,414,58,0,433
1010,655,655,618,37,0,355
755,489,489,469,20,0,266
714,488,488,479,9,0,226
1420,973,973,973,0,0,447
787,379,379,379,0,0,408
1016,578,578,549,29,0,438
1104,744,744,744,0,0,360
1301,493,493,493,0,0,808
903,632,632,603,29,0,271
526,382,382,344,38,0,144
958,591,591,585,6,0,367
979,818,818,788,30,0,161
1124,618,618,528,90,0,506
1738,1363,1363,1310,53,0,375
660,430,430,388,42,0,230
850,543,543,446,97,0,307
1013,648,648,549,99,0,365
741,500,500,468,32,0,241
578,336,336,238,98,0,242
648,458,458,405,53,0,190
1431,940,940,730,210,0,491
1400,1057,1057,1029,28,0,343
1374,1086,1086,1086,0,0,288
1062,521,521,493,28,0,541
1113,794,794,769,25,0,319
770,446,446,304,142,0,324
764,290,290,290,0,0,474
1048,751,751,559,192,0,297
572,254,254,235,19,0,318
649,312,312,271,41,0,337
1622,1166,1149,1073,76,17,456
879,657,657,622,35,0,222
1669,1163,1163,1095,68,0,506
598,439,439,423,16,0,159
888,598,598,575,23,0,290
533,367,367,367,0,0,166
724,389,389,327,62,0,335
995,719,719,650,69,0,276
1137,829,829,716,113,0,308
869,504,504,317,187,0,365
645,241,241,198,43,0,404
1407,368,368,324,44,0,1039
2097,1463,1463,1237,226,0,634
1076,662,642,608,34,20,414
696,361,361,308,53,0,335
1603,1074,1074,1024,50,0,529
1192,620,620,456,164,0,572
355,144,144,102,42,0,211
692,332,332,299,33,0,360
987,689,689,678,11,0,298
543,386,386,306,80,0,157
1077,742,742,450,292,0,335
549,252,252,170,82,0,297
553,298,298,266,32,0,255
586,314,314,291,23,0,272
1330,864,864,718,146,0,466
1463,812,812,760,52,0,651
1098,915,915,868,47,0,183
1269,864,864,827,37,0,405
536,359,359,269,90,0,177
649,389,389,330,59,0,260
2139,650,650,593,57,0,1489
9105,560,560,525,35,0,8545
684,443,443,393,50,0,241
1236,778,778,748,30,0,458
1014,567,567,567,0,0,447
2024,1374,1374,1340,34,0,650
1804,1218,1218,1150,68,0,586
1374,886,886,840,46,0,488
2244,668,668,617,51,0,1576
1238,899,899,810,89,0,339
667,320,320,310,10,0,347
865,415,415,257,158,0,450
1169,814,814,644,170,0,355
507,302,302,244,58,0,205
664,457,457,416,41,0,207
643,499,499,444,55,0,144
2501,1721,1721,1628,93,0,780
768,406,406,379,27,0,362
595,353,353,346,7,0,242
585,451,451,427,24,0,134
2019,1661,1661,1468,193,0,358
414,282,282,282,0,0,132
730,446,446,417,29,0,284
1090,528,528,420,108,0,562
1196,743,743,711,32,0,453
447,134,134,134,0,0,313
241,165,165,143,22,0,76
1182,1041,1041,1027,14,0,141
794,572,572,517,55,0,222
2705,1729,1729,1617,112,0,976
924,604,604,516,88,0,320
783,437,437,417,20,0,346
1335,962,962,869,93,0,373
1742,1213,1213,1104,109,0,529
1041,717,717,678,39,0,324
913,619,619,603,16,0,294
1103,932,932,883,49,0,171
661,549,549,541,8,0,112
1145,1038,1038,1004,34,0,107
1523,1038,1038,954,84,0,485
1334,591,591,591,0,0,743
65,40,40,32,8,0,25
1027,558,558,422,136,0,469
1338,889,889,721,168,0,449
1413,1056,1056,828,228,0,357
721,505,505,488,17,0,216
1534,935,935,869,66,0,599
1039,658,658,636,22,0,381
3006,1395,1395,1260,135,0,1611
1786,1443,1443,1246,197,0,343
700,502,502,456,46,0,198
1010,505,505,468,37,0,505
2416,1593,1593,1475,118,0,823
931,715,715,715,0,0,216
726,531,531,514,17,0,195
1178,716,716,633,83,0,462
923,572,572,353,219,0,351
788,448,448,430,18,0,340
519,359,359,260,99,0,160
808,537,537,511,26,0,271
503,344,344,344,0,0,159
776,489,489,386,103,0,287
1779,1150,1150,1122,28,0,629
1010,730,730,702,28,0,280
504,342,342,318,24,0,162
784,596,596,549,47,0,188
804,439,439,414,25,0,365
1418,767,767,701,66,0,651
1080,653,653,542,111,0,427
1060,851,851,671,180,0,209
454,301,301,301,0,0,153
463,340,340,340,0,0,123
1155,741,741,726,15,0,414
1352,897,897,829,68,0,455
974,472,472,472,0,0,502
1103,784,784,731,53,0,319
510,321,321,309,12,0,189
1853,1254,1254,1141,113,0,599
745,436,436,340,96,0,309
1517,1266,1266,1220,46,0,251
754,476,476,460,16,0,278
790,690,690,601,89,0,100
824,546,546,459,87,0,278
1005,669,669,597,72,0,336
681,458,458,409,49,0,223
625,296,296,181,115,0,329
1064,839,839,814,25,0,225
789,497,497,441,56,0,292
677,470,470,438,32,0,207
896,479,479,479,0,0,417
1594,1127,1127,1112,15,0,467
1487,1024,1024,987,37,0,463
1546,1142,1142,976,166,0,404
1229,958,958,894,64,0,271
1024,706,706,633,73,0,318
726,450,450,395,55,0,276
1126,730,730,710,20,0,396
835,627,627,611,16,0,208
694,323,323,167,156,0,371
1093,882,882,861,21,0,211
852,781,781,749,32,0,71
1183,808,808,772,36,0,375
983,501,501,396,105,0,482
1823,1085,1085,835,250,0,738
1267,659,659,479,180,0,608
943,578,578,461,117,0,365
999,483,483,427,56,0,516
735,528,528,517,11,0,207
1172,908,908,832,76,0,264
681,489,489,474,15,0,192
862,499,499,432,67,0,363
646,336,336,336,0,0,310
2468,1894,1894,1805,89,0,574
829,660,660,640,20,0,169
899,614,614,599,15,0,285
685,356,356,330,26,0,329
735,537,537,509,28,0,198
831,478,478,463,15,0,353
623,379,379,285,94,0,244
788,492,492,429,63,0,296
998,823,823,797,26,0,175
1179,673,673,583,90,0,506
1363,1031,1031,989,42,0,332
667,550,550,521,29,0,117
1170,690,690,680,10,0,480
798,582,582,529,53,0,216
1481,1000,1000,890,110,0,481
889,644,644,606,38,0,245
938,544,544,528,16,0,394
996,664,664,569,95,0,332
1045,611,611,538,73,0,434
1072,540,540,536,4,0,532
597,353,353,298,55,0,244
400,214,214,125,89,0,186
509,239,239,224,15,0,270
1067,840,840,742,98,0,227
610,286,286,286,0,0,324
1457,1124,1099,1078,21,25,333
854,554,554,533,21,0,300
734,446,446,414,32,0,288
2578,1649,1649,1608,41,0,929
928,740,740,701,39,0,188
1883,1224,1224,1115,109,0,659
623,418,418,406,12,0,205
527,357,357,326,31,0,170
1112,601,601,555,46,0,511
1245,770,770,769,1,0,475
1207,733,733,658,75,0,474
1094,702,702,632,70,0,392
586,372,372,372,0,0,214
566,459,459,409,50,0,107
587,366,366,353,13,0,221
607,437,437,437,0,0,170
365,196,196,184,12,0,169
1588,904,904,895,9,0,684
970,565,565,514,51,0,405
893,463,463,463,0,0,430
1815,1579,1579,1520,59,0,236
1345,1121,1121,1106,15,0,224
1084,687,687,623,64,0,397
1391,873,873,846,27,0,518
935,680,680,626,54,0,255
1347,997,997,953,44,0,350
1731,1050,1050,946,104,0,681
1170,603,603,578,25,0,567
775,500,500,466,34,0,275
1132,727,727,685,42,0,405
1510,1080,1080,915,165,0,430
1376,708,708,605,103,0,668
1786,1161,1161,1121,40,0,625
1178,702,702,665,37,0,476
802,446,446,310,136,0,356
888,511,511,454,57,0,377
690,387,387,373,14,0,303
663,435,435,390,45,0,228
1450,1142,1142,1022,120,0,308
1370,1029,1029,934,95,0,341
942,740,732,642,90,8,202
639,505,505,465,40,0,134
1057,686,686,651,35,0,371
1422,923,923,858,65,0,499
1071,909,909,887,22,0,162
1284,610,610,563,47,0,674
754,597,597,544,53,0,157
1175,985,985,976,9,0,190
776,425,425,370,55,0,351
918,516,516,421,95,0,402
658,414,414,392,22,0,244
1289,947,947,907,40,0,342
803,565,565,444,121,0,238
938,590,590,564,26,0,348
1534,978,978,777,201,0,556
604,373,373,305,68,0,231
1269,1072,1072,1016,56,0,197
841,611,611,518,93,0,230
816,665,665,590,75,0,151
1036,751,751,669,82,0,285
380,243,243,230,13,0,137
1733,1294,1294,1221,73,0,439
1280,902,902,817,85,0,378
768,627,627,597,30,0,141
874,505,505,387,118,0,369
945,466,466,369,97,0,479
710,495,495,480,15,0,215
998,625,625,585,40,0,373
893,566,566,547,19,0,327
761,632,632,577,55,0,129
405,290,290,285,5,0,115
972,663,663,584,79,0,309
626,476,476,430,46,0,150
877,667,667,609,58,0,210
806,501,501,482,19,0,305
1623,998,998,905,93,0,625
385,263,263,263,0,0,122
1128,667,667,521,146,0,461
391,279,279,238,41,0,112
1110,739,739,592,147,0,371
755,462,462,417,45,0,293
867,454,454,412,42,0,413
635,612,612,594,18,0,23
802,426,426,395,31,0,376
1230,779,779,726,53,0,451
969,587,587,586,1,0,382
368,309,309,309,0,0,59
756,545,545,463,82,0,211
1267,797,797,781,16,0,470
2312,1538,1538,1475,63,0,774
827,465,465,381,84,0,362
1052,731,731,631,100,0,321
656,376,376,368,8,0,280
1190,743,743,630,113,0,447
488,231,231,161,70,0,257
698,480,480,354,126,0,218
563,554,554,554,0,0,9
1723,1170,1170,887,283,0,553
882,571,571,494,77,0,311
1768,1464,1464,1317,147,0,304
2891,1961,1961,1707,254,0,930
768,296,296,264,32,0,472
1477,740,740,653,87,0,737
1030,494,494,452,42,0,536
927,464,464,457,7,0,463
570,414,414,296,118,0,156
1503,931,931,790,141,0,572
437,152,152,96,56,0,285
759,450,450,403,47,0,309
1160,694,694,622,72,0,466
1108,634,634,433,201,0,474
1245,799,799,799,0,0,446
713,459,459,398,61,0,254
787,584,584,441,143,0,203
799,637,637,582,55,0,162
632,362,362,253,109,0,270
1453,906,906,712,194,0,547
1888,1477,1477,1431,46,0,411
738,566,566,488,78,0,172
1328,892,892,842,50,0,436
853,494,494,369,125,0,359
490,273,273,248,25,0,217
753,637,637,573,64,0,116
1173,846,846,796,50,0,327
525,297,297,219,78,0,228
1251,632,632,589,43,0,619
734,467,467,467,0,0,267
385,209,209,166,43,0,176
1332,860,860,741,119,0,472
1152,729,729,691,38,0,423
1253,863,863,625,238,0,390
576,374,374,351,23,0,202
1398,973,973,821,152,0,425
616,494,494,494,0,0,122
1941,1413,1413,1354,59,0,528
1257,872,872,625,247,0,385
933,582,582,441,141,0,351
658,441,441,357,84,0,217
1073,507,507,426,81,0,566
554,357,357,297,60,0,197
562,402,402,388,14,0,160
961,422,422,305,117,0,539
1078,765,765,753,12,0,313
1417,1017,1017,890,127,0,400
1079,714,712,616,96,2,365
592,260,260,185,75,0,332
684,403,403,298,105,0,281
940,830,830,816,14,0,110
1331,919,919,851,68,0,412
1521,1121,1121,991,130,0,400
1752,998,998,965,33,0,754
607,446,446,416,30,0,161
1084,777,770,755,15,7,307
581,498,498,481,17,0,83
1691,995,995,946,49,0,696
1035,658,658,550,108,0,377
709,452,452,394,58,0,257
1156,841,841,692,149,0,315
578,292,292,262,30,0,286
472,335,335,335,0,0,137
768,539,539,441,98,0,229
565,390,390,378,12,0,175
501,379,379,270,109,0,122
1922,1272,1272,1106,166,0,650
643,398,398,398,0,0,245
655,446,446,430,16,0,209
906,608,608,548,60,0,298
1965,1178,1178,1133,45,0,787
692,455,455,455,0,0,237
831,571,571,443,128,0,260
1047,606,606,593,13,0,441
1398,1221,1221,1174,47,0,177
970,601,601,540,61,0,369
341,215,215,205,10,0,126
574,325,325,265,60,0,249
1276,911,911,879,32,0,365
471,360,360,352,8,0,111
731,416,416,276,140,0,315
1732,1136,1136,847,289,0,596
857,386,386,312,74,0,471
1055,917,895,802,93,22,138
1152,847,847,813,34,0,305
814,518,518,377,141,0,296
971,642,642,548,94,0,329
912,656,656,569,87,0,256
966,645,645,506,139,0,321
1059,541,541,400,141,0,518
1139,545,545,512,33,0,594
1465,1074,1074,1043,31,0,391
628,356,356,271,85,0,272
739,399,399,314,85,0,340
806,324,324,297,27,0,482
1386,922,922,874,48,0,464
576,470,470,449,21,0,106
2800,1457,1457,1246,211,0,1343
375,311,311,282,29,0,64
769,511,511,384,127,0,258
877,556,556,465,91,0,321
1263,960,960,864,96,0,303
1607,1223,1223,1148,75,0,384
1530,1202,1202,1070,132,0,328
617,581,581,573,8,0,36
962,638,638,638,0,0,324
1656,1210,1210,942,268,0,446
651,393,393,359,34,0,258
914,545,545,388,157,0,369
826,496,496,440,56,0,330
525,342,342,262,80,0,183
1118,813,803,774,29,10,305
1021,605,605,503,102,0,416
830,699,699,571,128,0,131
1025,767,767,660,107,0,258
1281,946,946,891,55,0,335
936,564,564,533,31,0,372
858,369,369,324,45,0,489
716,472,472,434,38,0,244
1089,620,620,472,148,0,469
1490,1071,1071,997,74,0,419
594,416,416,372,44,0,178
1656,1237,1237,1156,81,0,419
1242,978,978,923,55,0,264
2485,1503,1503,1128,375,0,982
737,622,622,576,46,0,115
698,529,529,517,12,0,169
871,506,506,431,75,0,365
1968,1342,1342,1259,83,0,626
1766,920,920,864,56,0,846
1294,946,946,837,109,0,348
1033,735,735,699,36,0,298
1160,722,722,577,145,0,438
490,378,378,378,0,0,112
822,642,642,622,20,0,180
1615,1231,1231,1164,67,0,384
834,656,656,605,51,0,178
1387,1088,1088,1025,63,0,299
2422,1791,1791,1677,114,0,631
1017,761,761,724,37,0,256
793,515,515,435,80,0,278
489,287,287,254,33,0,202
481,354,354,309,45,0,127
1453,923,923,803,120,0,530
776,555,555,541,14,0,221
1995,1427,1427,1308,119,0,568
1814,1118,1118,1017,101,0,696
2526,1851,1851,1822,29,0,675
883,639,625,552,73,14,244
1180,941,941,912,29,0,239
461,255,255,227,28,0,206
1220,825,825,767,58,0,395
722,425,425,425,0,0,297
584,460,460,428,32,0,124
839,556,556,525,31,0,283
1497,1068,1068,1042,26,0,429
747,460,460,440,20,0,287
1638,1265,1265,1210,55,0,373
1235,836,836,753,83,0,399
1299,866,866,700,166,0,433
1908,1458,1458,1333,125,0,450
908,642,642,566,76,0,266
761,494,494,424,70,0,267
1653,1168,1168,956,212,0,485
1443,877,877,826,51,0,566
901,824,824,784,40,0,77
1256,592,592,574,18,0,664
490,283,283,276,7,0,207
755,524,524,415,109,0,231
672,416,416,291,125,0,256
474,287,287,208,79,0,187
710,435,435,383,52,0,275
1396,1014,1014,922,92,0,382
1348,887,887,736,151,0,461
793,478,478,348,130,0,315
717,428,428,373,55,0,289
731,439,439,366,73,0,292
991,555,555,532,23,0,436
671,430,430,401,29,0,241
703,506,506,489,17,0,197
2035,1237,1237,1184,53,0,798
713,564,564,450,114,0,149
715,386,386,203,183,0,329
374,141,141,106,35,0,233
346,138,138,128,10,0,208
667,401,401,320,81,0,266
1057,590,590,475,115,0,467
524,313,313,251,62,0,211
1815,1003,1003,901,102,0,812
841,552,552,548,4,0,289
884,460,460,327,133,0,424
644,401,401,298,103,0,243
637,421,421,236,185,0,216
1243,736,736,536,200,0,507
1647,1267,1267,1228,39,0,380
1409,773,773,719,54,0,636
1620,1008,1008,974,34,0,612
1359,925,925,886,39,0,434
1790,1096,1096,768,328,0,694
520,356,356,303,53,0,164
854,425,425,338,87,0,429
1051,580,580,580,0,0,471
934,691,691,565,126,0,243
1787,1225,1225,1173,52,0,562
2958,2156,2156,2143,13,0,802
565,336,336,316,20,0,229
600,377,377,362,15,0,223
569,354,354,354,0,0,215
955,455,455,346,109,0,500
294,267,267,220,47,0,27
801,516,516,459,57,0,285
857,656,656,565,91,0,201
1470,644,644,542,102,0,826
951,584,584,517,67,0,367
477,309,309,283,26,0,168
838,621,621,569,52,0,217
598,405,405,385,20,0,193
913,734,734,505,229,0,179
1255,801,801,737,64,0,454
1272,854,854,806,48,0,418
441,275,275,125,150,0,166
385,272,272,178,94,0,113
434,327,327,279,48,0,107
1290,1058,1058,985,73,0,232
2597,2156,2156,2088,68,0,441
778,538,538,457,81,0,240
1162,616,616,437,179,0,546
2586,1589,1589,1554,35,0,997
897,604,604,557,47,0,293
1914,1405,1405,1204,201,0,509
1392,1045,1045,854,191,0,347
1580,1165,1165,1049,116,0,415
1023,581,581,572,9,0,442
538,285,285,232,53,0,253
543,398,398,379,19,0,145
688,516,516,452,64,0,172
579,317,317,225,92,0,262
2435,1638,1638,1537,101,0,797
897,369,369,288,81,0,528
805,460,460,418,42,0,345
1136,684,684,598,86,0,452
1290,929,929,894,35,0,361
728,266,266,218,48,0,462
993,607,607,405,202,0,386
823,519,519,470,49,0,304
660,532,532,484,48,0,128
1590,1196,1196,1126,70,0,394
1163,671,671,657,14,0,492
2037,1128,1128,1032,96,0,909
525,353,353,318,35,0,172
1322,827,827,774,53,0,495
1086,718,718,669,49,0,368
633,468,468,421,47,0,165
676,359,359,166,193,0,317
733,522,522,489,33,0,211
657,445,445,409,36,0,212
2605,1997,1997,1527,470,0,608
769,402,402,248,154,0,367
1130,849,849,664,185,0,281
929,640,640,640,0,0,289
787,585,585,484,101,0,202
257,125,125,110,15,0,132
738,451,451,322,129,0,287
866,530,530,511,19,0,336
1981,1562,1562,1434,128,0,419
623,418,418,342,76,0,205
785,489,489,391,98,0,296
949,572,572,459,113,0,377
980,747,747,584,163,0,233
453,259,259,185,74,0,194
384,165,165,165,0,0,219
1625,578,578,492,86,0,1047
1823,1291,1291,1206,85,0,532
535,361,361,348,13,0,174
1445,1095,1095,968,127,0,350
1328,791,791,665,126,0,537
1290,897,897,753,144,0,393
1109,768,768,733,35,0,341
633,340,340,262,78,0,293
720,461,461,419,42,0,259
507,381,381,346,35,0,126
1298,813,813,738,75,0,485
1252,805,805,729,76,0,447
829,763,763,763,0,0,66
939,582,582,562,20,0,357
1187,881,881,755,126,0,306
457,354,354,324,30,0,103
1038,698,698,643,55,0,340
583,298,298,230,68,0,285
1751,1170,1170,1065,105,0,581
1445,999,999,960,39,0,446
600,466,466,427,39,0,134
911,692,692,673,19,0,219
609,242,242,217,25,0,367
737,529,529,501,28,0,208
1088,992,992,888,104,0,96
826,661,661,590,71,0,165
967,750,750,715,35,0,217
2608,1984,1984,1849,135,0,624
655,490,490,409,81,0,165
1103,706,706,650,56,0,397
561,381,381,299,82,0,180
2924,1934,1934,1751,183,0,990
534,308,308,218,90,0,226
1035,737,737,580,157,0,298
934,630,621,585,36,9,304
827,578,578,529,49,0,249
1625,1138,1138,938,200,0,487
735,343,343,282,61,0,392
913,520,520,437,83,0,393
1375,970,957,907,50,13,405
514,341,341,302,39,0,173
732,672,672,661,11,0,60
908,556,556,540,16,0,352
1018,353,353,288,65,0,665
841,521,521,448,73,0,320
664,607,607,575,32,0,57
1433,861,861,821,40,0,572
1538,1144,1144,1006,138,0,394
980,764,764,716,48,0,216
603,462,462,427,35,0,141
1416,883,883,753,130,0,533
804,532,532,464,68,0,272
2472,1230,1230,1177,53,0,1242
642,463,463,404,59,0,179
276,223,223,223,0,0,53
1169,658,658,548,110,0,511
898,631,631,499,132,0,267
691,459,459,385,74,0,232
1139,712,712,592,120,0,427
742,372,372,321,51,0,370
913,482,482,419,63,0,431
993,559,559,491,68,0,434
1134,515,515,364,151,0,619
244,107,107,87,20,0,137
650,455,455,437,18,0,195
62,41,41,41,0,0,21
1257,692,692,634,58,0,565
568,354,354,354,0,0,214
706,418,418,392,26,0,288
1417,1040,1040,979,61,0,377
1370,859,859,767,92,0,511
299,153,153,141,12,0,146
397,364,364,334,30,0,33
933,872,872,813,59,0,61
924,887,887,875,12,0,37
1356,919,919,893,26,0,437
720,492,492,456,36,0,228
1020,599,599,572,27,0,421
796,399,399,369,30,0,397
1657,1135,1135,704,431,0,522
1261,789,789,642,147,0,472
778,326,326,252,74,0,452
1140,762,762,627,135,0,378
963,679,679,595,84,0,284
1025,704,704,653,51,0,321
539,406,406,402,4,0,133
927,589,579,513,66,10,338
569,389,389,284,105,0,180
1765,1145,1145,1060,85,0,620
1412,963,963,901,62,0,449
1656,1035,1035,977,58,0,621
1187,734,734,709,25,0,453
688,435,435,364,71,0,253
709,493,493,482,11,0,216
1482,1028,1028,940,88,0,454
1249,973,973,934,39,0,276
546,353,353,222,131,0,193
767,660,660,585,75,0,107
1228,954,954,875,79,0,274
1813,1204,1154,986,168,50,609
770,448,448,435,13,0,322
671,577,577,508,69,0,94
1441,1064,1064,1035,29,0,377
574,401,401,372,29,0,173
2182,1284,1284,1186,98,0,898
974,607,607,516,91,0,367
816,503,503,466,37,0,313
1422,1067,1067,948,119,0,355
1608,1132,1132,1003,129,0,476
753,525,525,486,39,0,228
1906,1356,1356,1263,93,0,550
844,61,61,61,0,0,783
775,509,509,509,0,0,266
929,528,528,511,17,0,401
900,293,293,269,24,0,607
709,461,461,445,16,0,248
1656,1066,1066,1012,54,0,590
1169,644,644,445,199,0,525
925,332,332,297,35,0,593
985,617,617,467,150,0,368
520,270,270,203,67,0,250
956,685,685,614,71,0,271
1695,1368,1368,1288,80,0,327
3185,2333,2333,2299,34,0,852
1695,1169,1169,1153,16,0,526
1417,1063,1063,988,75,0,354
2852,1964,1964,1891,73,0,888
1279,813,813,781,32,0,466
1366,965,965,921,44,0,401
1299,689,689,689,0,0,610
1109,759,759,747,12,0,350
1153,1014,1014,993,21,0,139
1160,790,790,748,42,0,370
733,453,453,437,16,0,280
704,376,376,376,0,0,328
1015,546,546,406,140,0,469
869,655,655,538,117,0,214
489,463,463,450,13,0,26
538,447,447,408,39,0,91
666,494,494,494,0,0,172
1209,946,946,886,60,0,263
722,474,465,431,34,9,248
1055,843,843,627,216,0,212
1015,578,578,381,197,0,437
872,536,536,379,157,0,336
651,523,523,523,0,0,128
885,766,766,726,40,0,119
1936,1353,1353,1289,64,0,583
763,402,402,277,125,0,361
1353,811,811,709,102,0,542
636,283,283,149,134,0,353
1108,648,648,600,48,0,460
2327,1074,1074,845,229,0,1253
1222,756,756,711,45,0,466
2174,1420,1420,1263,157,0,754
1147,708,708,509,199,0,439
951,577,577,431,146,0,374
822,547,547,432,115,0,275
555,274,274,174,100,0,281
910,650,650,551,99,0,260
1592,1244,1244,1200,44,0,348
741,339,339,231,108,0,402
890,530,530,439,91,0,360
708,298,298,247,51,0,410
1143,712,712,712,0,0,431
669,435,435,435,0,0,234
675,331,331,331,0,0,344
1099,658,658,658,0,0,441
666,410,410,402,8,0,256
1381,1070,1070,606,464,0,311
657,491,491,421,70,0,166
1024,755,755,720,35,0,269
1111,658,658,646,12,0,453
1045,455,455,435,20,0,590
796,523,523,523,0,0,273
1185,808,808,758,50,0,377
646,425,425,405,20,0,221
616,337,337,292,45,0,279
1378,921,921,744,177,0,457
1549,765,761,542,219,4,784
741,549,549,500,49,0,192
640,397,397,303,94,0,243
340,128,128,117,11,0,212
756,317,317,231,86,0,439
1640,760,760,646,114,0,880
320,195,195,154,41,0,125
1656,1176,1176,923,253,0,480
461,378,378,350,28,0,83
513,358,358,336,22,0,155
1899,1293,1293,1249,44,0,606
627,518,518,499,19,0,109
892,477,477,477,0,0,415
1039,941,941,927,14,0,98
1375,698,698,675,23,0,677
193,83,83,63,20,0,110
1791,1343,1343,1294,49,0,448
1867,1492,1463,1428,35,29,375
650,410,410,206,204,0,240
809,599,599,588,11,0,210
1658,1129,1129,1093,36,0,529
978,784,784,709,75,0,194
944,579,579,488,91,0,365
371,292,292,261,31,0,79
1351,1071,1071,937,134,0,280
853,588,588,373,215,0,265
494,359,359,329,30,0,135
1446,1049,1049,931,118,0,397
1401,1037,1037,938,99,0,364
910,572,572,445,127,0,338
1085,736,736,633,103,0,349
648,358,358,277,81,0,290
966,522,522,441,81,0,444
1710,1046,1046,1000,46,0,664
717,406,406,336,70,0,311
2096,1372,1372,1267,105,0,724
1044,739,739,675,64,0,305
653,473,473,460,13,0,180
473,274,274,258,16,0,199
1096,663,663,608,55,0,433
617,384,384,338,46,0,233
972,675,675,657,18,0,297
1664,1017,1017,966,51,0,647
663,507,507,436,71,0,156
1088,757,757,640,117,0,331
1322,1062,1062,1033,29,0,260
1377,756,756,732,24,0,621
1585,1151,1151,972,179,0,434
504,305,305,291,14,0,199
1288,797,797,729,68,0,491
1030,433,433,357,76,0,597
353,264,264,222,42,0,89
848,469,469,351,118,0,379
411,134,134,110,24,0,277
1062,727,727,711,16,0,335
878,521,521,438,83,0,357
1695,958,958,877,81,0,737
551,441,441,423,18,0,110
688,538,538,527,11,0,150
1315,931,931,833,98,0,384
1014,687,687,646,41,0,327
2005,1265,1265,1160,105,0,740
928,728,728,700,28,0,200
624,463,463,396,67,0,161
387,358,358,307,51,0,29
135,84,84,60,24,0,51
478,305,305,181,124,0,173
688,496,496,445,51,0,192
1168,777,777,701,76,0,391
363,218,218,189,29,0,145
346,211,211,186,25,0,135
623,371,371,287,84,0,252
811,730,730,697,33,0,81
628,556,556,462,94,0,72
652,356,356,307,49,0,296
775,562,562,512,50,0,213
1763,1158,1158,1082,76,0,605
660,409,409,371,38,0,251
1541,723,723,605,118,0,818
905,481,481,451,30,0,424
2041,1275,1275,1139,136,0,766
1526,1055,1055,983,72,0,471
1338,1079,1079,1000,79,0,259
1217,651,651,586,65,0,566
1123,734,734,670,64,0,389
779,511,511,334,177,0,268
1410,1024,1024,979,45,0,386
392,298,298,298,0,0,94
1135,808,808,743,65,0,327
1718,858,858,610,248,0,860
1197,649,649,631,18,0,548
728,602,602,527,75,0,126
1288,503,503,483,20,0,785
997,690,690,605,85,0,307
546,403,403,301,102,0,143
568,505,505,472,33,0,63
522,269,269,190,79,0,253
1772,1271,1271,1106,165,0,501
1403,1107,1107,1056,51,0,296
2035,1492,1492,1452,40,0,543
1495,1016,1016,1000,16,0,479
783,679,679,649,30,0,104
843,707,707,679,28,0,136
680,499,499,484,15,0,181
654,393,393,348,45,0,261
647,363,363,335,28,0,284
1563,911,911,779,132,0,652
1321,897,897,823,74,0,424
1121,801,801,755,46,0,320
648,466,466,442,24,0,182
574,446,446,251,195,0,128
536,352,352,308,44,0,184
1109,656,656,441,215,0,453
1730,1125,1125,1021,104,0,605
1073,753,753,686,67,0,320
1191,983,983,743,240,0,208
1170,839,839,754,85,0,331
1561,915,907,822,85,8,646
1736,1258,1258,1115,143,0,478
837,593,593,547,46,0,244
1293,538,538,530,8,0,755
903,708,708,666,42,0,195
1080,551,551,516,35,0,529
1014,528,528,483,45,0,486
1456,952,952,872,80,0,504
1777,1349,1345,1224,121,4,428
1000,574,574,567,7,0,426
859,742,742,704,38,0,117
1241,774,774,736,38,0,467
1918,1149,1149,1050,99,0,769
849,566,566,489,77,0,283
873,415,415,323,92,0,458
767,381,381,299,82,0,386
1391,1099,1099,1035,64,0,292
602,353,353,272,81,0,249
543,363,363,274,89,0,180
385,185,185,107,78,0,200
1066,782,782,748,34,0,284
609,523,523,498,25,0,86
1753,1397,1397,1336,61,0,356
2274,1101,1101,939,162,0,1173
854,485,485,469,16,0,369
1353,877,877,835,42,0,476
1456,1011,1011,954,57,0,445
728,490,490,412,78,0,238
730,474,474,404,70,0,256
1515,969,969,731,238,0,546
1336,1037,1037,1001,36,0,299
671,490,490,480,10,0,181
1390,844,844,807,37,0,546
765,494,494,454,40,0,271
1271,790,756,652,104,34,481
556,319,319,206,113,0,237
643,415,415,287,128,0,228
1311,871,871,727,144,0,440
1236,881,881,798,83,0,355
486,335,335,277,58,0,151
641,259,259,244,15,0,382
1359,1081,1081,1062,19,0,278
2688,1500,1500,1346,154,0,1188
1266,829,829,702,127,0,437
938,466,466,403,63,0,472
705,389,389,281,108,0,316
1847,1313,1313,1246,67,0,534
526,350,350,318,32,0,176
4964,4476,4459,4339,120,17,488
1566,1096,1096,905,191,0,470
1180,699,699,679,20,0,481
979,855,855,842,13,0,124
361,246,246,238,8,0,115
859,563,563,450,113,0,296
1190,821,821,709,112,0,369
1093,589,589,547,42,0,504
688,516,516,476,40,0,172
961,731,731,673,58,0,230
926,766,766,747,19,0,160
791,584,584,584,0,0,207
1760,675,675,621,54,0,1085
848,487,487,460,27,0,361
1065,581,581,581,0,0,484
1075,527,527,411,116,0,548
757,453,453,437,16,0,304
1506,1052,1052,951,101,0,454
682,402,402,371,31,0,280
1140,720,720,654,66,0,420
789,614,614,519,95,0,175
1251,723,723,661,62,0,528
1308,866,866,816,50,0,442
1144,648,648,625,23,0,496
1338,513,513,482,31,0,825
1399,921,921,814,107,0,478
547,348,348,318,30,0,199
898,591,591,548,43,0,307
734,494,494,457,37,0,240
892,550,550,542,8,0,342
839,566,566,439,127,0,273
931,586,586,514,72,0,345
1626,1289,1289,1222,67,0,337
1454,1212,1212,1154,58,0,242
504,292,292,261,31,0,212
1173,910,910,873,37,0,263
1439,1133,1133,1091,42,0,306
1422,803,794,728,66,9,619
846,548,548,451,97,0,298
824,431,431,312,119,0,393
524,299,299,242,57,0,225
1085,713,713,684,29,0,372
2028,648,648,640,8,0,1380
1170,795,795,787,8,0,375
852,525,525,427,98,0,327
1264,966,966,861,105,0,298
1722,1300,1300,1132,168,0,422
665,321,321,194,127,0,344
882,528,528,480,48,0,354
1648,1225,1225,1100,125,0,423
1515,987,987,844,143,0,528
1070,664,664,591,73,0,406
871,707,707,687,20,0,164
1446,818,818,635,183,0,628
891,637,637,561,76,0,254
708,384,384,289,95,0,324
1385,788,788,753,35,0,597
560,360,360,333,27,0,200
837,573,573,573,0,0,264
1052,499,499,491,8,0,553
578,438,438,438,0,0,140
423,114,114,103,11,0,309
633,489,489,489,0,0,144
745,402,402,331,71,0,343
1411,956,956,857,99,0,455
1388,978,978,961,17,0,410
1248,856,856,831,25,0,392
3311,2366,2366,2168,198,0,945
1272,696,696,684,12,0,576
